0 0.649488 0.587719 0.135965 0.278509
0 0.404240 0.452851 0.163012 0.256579
0 0.555556 0.389666 0.167763 0.279879
0 0.145102 0.430099 0.156433 0.236842
0 0.147295 0.667215 0.157895 0.231360
0 0.323830 0.641447 0.161550 0.221491
0 0.280702 0.406798 0.127924 0.214912
0 0.385599 0.215461 0.152047 0.244518
0 0.048154 0.786732 0.095943 0.283991
0 0.290936 0.834978 0.146930 0.198465
0 0.510599 0.635417 0.171053 0.248904
0 0.161915 0.792763 0.121345 0.089912
0 0.260234 0.319079 0.111842 0.131579
0 0.067343 0.539885 0.107639 0.143366
