0 0.461930 0.516865 0.065724 0.074735
0 0.518229 0.521660 0.056796 0.084325
0 0.568204 0.543320 0.056052 0.070767
0 0.625372 0.544974 0.054812 0.064815
0 0.659226 0.572255 0.049107 0.063823
0 0.700893 0.595238 0.056052 0.069444
0 0.701513 0.544312 0.062252 0.058201
0 0.671007 0.519015 0.042411 0.045966
0 0.495288 0.611442 0.054067 0.070767
0 0.521949 0.676587 0.054315 0.076058
0 0.564112 0.667163 0.055804 0.079696
0 0.602679 0.658565 0.036210 0.051918
0 0.535714 0.592923 0.046627 0.070106
0 0.656498 0.633763 0.048611 0.065146
0 0.554439 0.726356 0.048363 0.062500
0 0.601066 0.729828 0.051835 0.074735
0 0.636409 0.728009 0.038194 0.052579
0 0.647817 0.772983 0.044643 0.057209
0 0.672123 0.729497 0.041667 0.054233
0 0.708209 0.726190 0.042411 0.050265
0 0.741815 0.741898 0.043155 0.058532
0 0.785218 0.745370 0.049603 0.057540
0 0.749380 0.675595 0.049355 0.061508
0 0.578621 0.600529 0.054067 0.065476
0 0.690228 0.651786 0.047123 0.054233
0 0.373636 0.632606 0.060764 0.067460
0 0.392733 0.696098 0.061756 0.069444
0 0.421999 0.754795 0.056300 0.075066
0 0.450893 0.697090 0.056052 0.078704
0 0.477431 0.665509 0.054563 0.067130
0 0.339410 0.664683 0.040427 0.055556
0 0.697049 0.786045 0.044891 0.060185
0 0.460565 0.619213 0.033730 0.053902
0 0.409350 0.615906 0.039435 0.047950
0 0.633681 0.690642 0.033234 0.038690
0 0.436384 0.795966 0.053323 0.062169
0 0.477059 0.747851 0.055804 0.073082
0 0.508309 0.734788 0.053323 0.062831
0 0.710441 0.694444 0.044891 0.045635
0 0.269345 0.703042 0.060020 0.085317
0 0.704985 0.632937 0.047371 0.045635
0 0.868180 0.542659 0.046875 0.061508
0 0.621280 0.604001 0.044147 0.064484
0 0.647569 0.672950 0.039187 0.042328
0 0.732639 0.635417 0.026290 0.049272
