0 0.208008 0.710938 0.167969 0.231771
0 0.345703 0.594401 0.171875 0.259115
0 0.112793 0.613932 0.166992 0.238281
0 0.147461 0.324219 0.146484 0.190104
0 0.410645 0.865885 0.176758 0.218750
0 0.574219 0.849609 0.166016 0.214844
0 0.502930 0.679036 0.175781 0.194010
0 0.676270 0.634766 0.190430 0.207031
0 0.683594 0.884115 0.126953 0.216146
0 0.463379 0.559896 0.131836 0.148438
0 0.352051 0.427083 0.161133 0.145833
0 0.496582 0.516276 0.147461 0.165365
0 0.226562 0.542318 0.128906 0.152344
0 0.117676 0.291667 0.165039 0.187500
0 0.290039 0.357422 0.140625 0.201823
0 0.918457 0.233724 0.100586 0.167969
0 0.958496 0.108073 0.075195 0.158854
0 0.043945 0.542969 0.085938 0.221354
