0 0.469531 0.447059 0.242188 0.357647
0 0.229687 0.444706 0.243750 0.348235
0 0.238281 0.209412 0.220312 0.258824
0 0.460156 0.234118 0.232813 0.280000
0 0.323437 0.768235 0.240625 0.327059
0 0.525000 0.657647 0.206250 0.308235
0 0.139063 0.608235 0.146875 0.312941
0 0.096875 0.420000 0.109375 0.280000
0 0.839063 0.731765 0.125000 0.160000
0 0.622656 0.365882 0.123438 0.232941
0 0.918750 0.478824 0.121875 0.204706
0 0.644531 0.571765 0.114062 0.249412
0 0.740625 0.382353 0.143750 0.190588
0 0.884375 0.240000 0.134375 0.188235
0 0.940625 0.608235 0.078125 0.129412
