0 0.394531 0.893229 0.218750 0.213542
0 0.408203 0.569661 0.189453 0.274740
0 0.621094 0.846354 0.166016 0.218750
0 0.851562 0.850911 0.146484 0.180990
0 0.321289 0.404948 0.128906 0.208333
0 0.181152 0.623698 0.161133 0.229167
0 0.583496 0.651042 0.209961 0.208333
0 0.278320 0.569661 0.125000 0.196615
0 0.714844 0.555990 0.183594 0.182292
0 0.873535 0.573568 0.135742 0.212240
0 0.858398 0.402344 0.128906 0.140625
0 0.731934 0.299479 0.112305 0.138021
0 0.493164 0.313802 0.144531 0.184896
0 0.072754 0.433594 0.143555 0.210938
0 0.104492 0.907552 0.189453 0.184896
0 0.450684 0.193359 0.098633 0.144531
0 0.581055 0.455729 0.183594 0.231771
0 0.361816 0.191406 0.094727 0.140625
0 0.136719 0.804688 0.208984 0.169271
0 0.054199 0.637370 0.106445 0.209635
0 0.926758 0.776693 0.126953 0.201823
0 0.595703 0.280599 0.148438 0.188802
0 0.139648 0.305990 0.146484 0.226562
0 0.228516 0.405599 0.101562 0.160156
0 0.250977 0.233724 0.140625 0.157552
0 0.045898 0.284505 0.089844 0.121094
0 0.937988 0.512370 0.118164 0.165365
0 0.396973 0.765625 0.151367 0.153646
