0 0.091364 0.626003 0.180225 0.340289
0 0.319149 0.362761 0.250313 0.359551
0 0.774093 0.829856 0.316646 0.308186
0 0.575720 0.498395 0.267835 0.280899
0 0.673967 0.224719 0.464330 0.446228
0 0.898623 0.146067 0.200250 0.288925
0 0.811640 0.447833 0.221527 0.256822
0 0.347935 0.707865 0.240300 0.282504
0 0.548185 0.704655 0.155194 0.166934
0 0.251564 0.890048 0.195244 0.219904
0 0.112015 0.938202 0.221527 0.123596
0 0.165832 0.124398 0.141427 0.245586
0 0.911139 0.144462 0.177722 0.285714
0 0.333542 0.049759 0.229036 0.096308
0 0.097622 0.401284 0.192741 0.215088
0 0.402378 0.926164 0.148936 0.141252
