0 0.704375 0.468105 0.163750 0.260788
0 0.827500 0.634146 0.155000 0.266417
0 0.661250 0.873358 0.120000 0.178236
0 0.671875 0.666979 0.151250 0.245779
0 0.843125 0.398687 0.178750 0.227017
0 0.593750 0.489681 0.147500 0.213884
0 0.643750 0.284240 0.120000 0.200750
0 0.751250 0.219512 0.162500 0.213884
0 0.541875 0.308630 0.141250 0.196998
0 0.502500 0.185741 0.140000 0.172608
0 0.544375 0.603189 0.073750 0.121951
0 0.710625 0.811445 0.051250 0.103189
0 0.841875 0.248593 0.066250 0.099437
0 0.630000 0.129456 0.140000 0.180113
