0 0.333333 0.797959 0.128571 0.224490
0 0.725000 0.740816 0.107143 0.175510
0 0.455952 0.800000 0.126190 0.171429
0 0.626190 0.695918 0.104762 0.167347
0 0.586905 0.338776 0.064286 0.114286
0 0.653571 0.363265 0.059524 0.106122
0 0.503571 0.583673 0.083333 0.130612
0 0.294048 0.636735 0.135714 0.195918
0 0.696429 0.936735 0.102381 0.118367
0 0.234524 0.861224 0.135714 0.204082
0 0.164286 0.710204 0.080952 0.146939
0 0.344048 0.383673 0.035714 0.065306
0 0.817857 0.842857 0.126190 0.142857
0 0.839286 0.951020 0.111905 0.097959
0 0.366667 0.936735 0.109524 0.126531
0 0.580952 0.514286 0.071429 0.106122
0 0.234524 0.434694 0.045238 0.044898
0 0.297619 0.424490 0.033333 0.057143
0 0.291667 0.346939 0.030952 0.057143
0 0.373810 0.438776 0.033333 0.053061
0 0.498810 0.461224 0.064286 0.106122
0 0.403571 0.410204 0.035714 0.053061
0 0.429762 0.659184 0.121429 0.142857
0 0.652381 0.883673 0.104762 0.151020
