0 0.225586 0.817181 0.119141 0.233480
0 0.277832 0.707783 0.122070 0.196769
0 0.348633 0.753304 0.134766 0.205580
0 0.416016 0.632893 0.109375 0.173275
0 0.463379 0.729075 0.124023 0.157122
0 0.583496 0.684288 0.147461 0.146843
0 0.561523 0.561674 0.111328 0.180617
0 0.718750 0.646843 0.093750 0.162996
0 0.790039 0.544053 0.125000 0.133627
0 0.869629 0.593979 0.104492 0.130690
0 0.154785 0.639501 0.166992 0.177680
0 0.239258 0.508076 0.123047 0.179148
0 0.364746 0.484581 0.124023 0.170338
0 0.434570 0.348018 0.111328 0.185022
0 0.459961 0.515419 0.097656 0.161527
0 0.546875 0.383994 0.117188 0.183554
0 0.605469 0.279736 0.099609 0.151248
0 0.640625 0.420705 0.082031 0.139501
0 0.708496 0.459618 0.086914 0.149780
0 0.802734 0.417768 0.128906 0.130690
0 0.850098 0.367107 0.118164 0.114537
0 0.683594 0.322320 0.080078 0.160059
0 0.322266 0.340675 0.117188 0.170338
0 0.504883 0.228341 0.109375 0.162996
0 0.402832 0.186490 0.098633 0.152717
0 0.237305 0.281938 0.140625 0.152717
0 0.154785 0.346549 0.102539 0.126285
0 0.705566 0.198238 0.086914 0.132159
0 0.748047 0.317915 0.078125 0.107195
0 0.772949 0.283407 0.088867 0.099853
0 0.152832 0.478708 0.081055 0.143906
0 0.152344 0.762849 0.078125 0.127753
0 0.326660 0.190162 0.084961 0.151248
0 0.426758 0.089574 0.105469 0.146843
0 0.562988 0.151248 0.086914 0.126285
0 0.689453 0.091043 0.095703 0.126285
0 0.489258 0.096182 0.066406 0.107195
0 0.265137 0.175477 0.096680 0.098385
0 0.224609 0.422907 0.091797 0.117474
0 0.092285 0.622614 0.073242 0.155653
0 0.638184 0.640969 0.065430 0.107195
0 0.627930 0.180617 0.064453 0.096916
0 0.600098 0.099119 0.057617 0.074890
0 0.789551 0.632159 0.077148 0.077827
0 0.546875 0.086637 0.060547 0.052863
