0 0.323125 0.890990 0.107500 0.140156
0 0.426875 0.878754 0.105000 0.133482
0 0.469375 0.947164 0.113750 0.105673
0 0.296875 0.641824 0.072500 0.126808
0 0.532813 0.891546 0.098125 0.152392
0 0.623750 0.875417 0.075000 0.164627
0 0.384688 0.779755 0.090625 0.164627
0 0.841875 0.913793 0.077500 0.172414
0 0.371875 0.654616 0.060000 0.147942
0 0.545312 0.770300 0.079375 0.145717
0 0.698125 0.860400 0.076250 0.130145
0 0.751875 0.771969 0.082500 0.153504
0 0.932187 0.740267 0.094375 0.127920
0 0.946250 0.607341 0.100000 0.122358
0 0.661250 0.759733 0.107500 0.129032
0 0.156875 0.559511 0.087500 0.113459
0 0.894375 0.428254 0.071250 0.111235
0 0.745313 0.234149 0.045625 0.081201
0 0.429688 0.667408 0.073125 0.113459
0 0.153438 0.467186 0.056875 0.117909
0 0.261562 0.557286 0.085625 0.115684
0 0.668750 0.550056 0.078750 0.125695
0 0.699063 0.685206 0.093125 0.115684
0 0.457188 0.778087 0.085625 0.134594
0 0.513125 0.316463 0.056250 0.087875
0 0.789062 0.441046 0.063125 0.105673
0 0.806562 0.545050 0.066875 0.120133
0 0.500938 0.544494 0.069375 0.139043
0 0.340313 0.571746 0.059375 0.082314
0 0.358438 0.421580 0.061875 0.104561
0 0.417812 0.449944 0.068125 0.092325
0 0.401875 0.566741 0.055000 0.092325
0 0.799375 0.647942 0.071250 0.121246
0 0.742812 0.546162 0.066875 0.104561
0 0.452500 0.300334 0.060000 0.091212
0 0.065000 0.359288 0.071250 0.097887
0 0.293438 0.480534 0.074375 0.084538
0 0.349062 0.505006 0.073125 0.088988
0 0.135625 0.413237 0.058750 0.116796
0 0.029375 0.311457 0.057500 0.082314
0 0.132500 0.304783 0.065000 0.088988
0 0.261562 0.077308 0.045625 0.083426
0 0.309375 0.111791 0.046250 0.090100
0 0.604062 0.692436 0.095625 0.123471
0 0.584375 0.600667 0.073750 0.095662
0 0.586250 0.319244 0.062500 0.088988
0 0.727500 0.435484 0.061250 0.103448
0 0.701875 0.493326 0.062500 0.090100
0 0.662500 0.445495 0.063750 0.098999
0 0.656875 0.385984 0.070000 0.086763
0 0.647813 0.310345 0.049375 0.066741
0 0.678125 0.339822 0.052500 0.072303
0 0.495625 0.444383 0.066250 0.105673
1 0.555937 0.483871 0.051875 0.111235
0 0.658438 0.629032 0.078125 0.083426
0 0.488125 0.350389 0.057500 0.077864
0 0.393750 0.367631 0.058750 0.067853
0 0.271562 0.258621 0.045625 0.076752
0 0.312812 0.199666 0.054375 0.065628
0 0.348438 0.152948 0.046875 0.061179
0 0.410313 0.059511 0.048125 0.070078
0 0.417812 0.104004 0.045625 0.072303
0 0.386562 0.159622 0.045625 0.054505
0 0.392813 0.225806 0.044375 0.068966
0 0.287500 0.432147 0.056250 0.074527
0 0.226562 0.476641 0.058125 0.134594
0 0.220938 0.424917 0.080625 0.093437
0 0.176250 0.360957 0.075000 0.083426
0 0.259375 0.373749 0.058750 0.086763
0 0.225312 0.318131 0.065625 0.080089
0 0.200625 0.281424 0.062500 0.073415
0 0.197813 0.230812 0.066875 0.074527
0 0.239063 0.050612 0.035625 0.067853
0 0.319375 0.017241 0.045000 0.032258
0 0.469375 0.057842 0.042500 0.075640
0 0.470313 0.119021 0.048125 0.071190
0 0.513125 0.107898 0.047500 0.064516
0 0.428125 0.254727 0.042500 0.053393
0 0.613750 0.292547 0.046250 0.062291
1 0.722187 0.172970 0.049375 0.072303
0 0.102188 0.967742 0.095625 0.064516
0 0.832812 0.803671 0.083125 0.123471
0 0.871875 0.569522 0.067500 0.117909
