0 0.221191 0.641276 0.331055 0.407552
0 0.739258 0.697266 0.214844 0.282552
0 0.466309 0.828776 0.276367 0.342448
0 0.199707 0.326172 0.256836 0.300781
0 0.360352 0.274089 0.169922 0.259115
0 0.511230 0.233724 0.172852 0.251302
0 0.575684 0.463542 0.182617 0.247396
0 0.746094 0.488281 0.177734 0.223958
0 0.708008 0.309245 0.162109 0.209635
0 0.852539 0.251953 0.162109 0.233073
0 0.697754 0.149740 0.139648 0.174479
0 0.070312 0.636719 0.138672 0.346354
0 0.206543 0.899740 0.301758 0.200521
0 0.387695 0.560547 0.181641 0.285156
0 0.084961 0.231120 0.167969 0.240885
0 0.338379 0.103516 0.192383 0.204427
0 0.557617 0.094401 0.148438 0.162760
0 0.135742 0.092448 0.169922 0.166667
0 0.581543 0.912109 0.141602 0.175781
0 0.532715 0.656250 0.149414 0.187500
