0 0.515137 0.397135 0.106445 0.158854
0 0.682617 0.498698 0.109375 0.182292
0 0.060547 0.393880 0.115234 0.134115
0 0.187988 0.395182 0.102539 0.131510
0 0.118652 0.550130 0.122070 0.147135
0 0.180664 0.781250 0.121094 0.151042
0 0.794922 0.842448 0.158203 0.143229
0 0.395996 0.930990 0.125977 0.138021
0 0.621094 0.626953 0.140625 0.131510
0 0.772461 0.600260 0.113281 0.182292
0 0.872070 0.530599 0.128906 0.149740
0 0.778320 0.449219 0.105469 0.143229
0 0.904297 0.384766 0.144531 0.152344
0 0.258789 0.217448 0.097656 0.174479
0 0.282227 0.406901 0.091797 0.136719
0 0.408203 0.428385 0.123047 0.114583
0 0.374023 0.229167 0.105469 0.148438
0 0.049316 0.298828 0.096680 0.121094
0 0.453613 0.756510 0.147461 0.143229
0 0.158691 0.921875 0.170898 0.151042
0 0.216797 0.512370 0.136719 0.121094
0 0.389648 0.661458 0.097656 0.179688
0 0.501465 0.608073 0.133789 0.114583
0 0.700684 0.721354 0.151367 0.117188
0 0.605957 0.389323 0.088867 0.153646
0 0.550781 0.246094 0.083984 0.164062
0 0.618652 0.261719 0.073242 0.125000
0 0.690918 0.269531 0.096680 0.130208
0 0.372070 0.134766 0.105469 0.089844
0 0.735352 0.082682 0.111328 0.118490
0 0.850586 0.175781 0.123047 0.114583
0 0.837891 0.080729 0.095703 0.088542
0 0.931641 0.170573 0.070312 0.101562
0 0.253906 0.067708 0.093750 0.114583
0 0.419434 0.054688 0.084961 0.106771
0 0.597168 0.083984 0.096680 0.152344
0 0.649902 0.158203 0.075195 0.134115
0 0.442383 0.524089 0.119141 0.105469
0 0.566895 0.522786 0.141602 0.128906
0 0.042480 0.664062 0.083008 0.177083
1 0.095703 0.694010 0.126953 0.179688
1 0.069336 0.856771 0.136719 0.177083
1 0.286621 0.696615 0.125977 0.182292
1 0.768066 0.244792 0.100586 0.114583
1 0.180664 0.277344 0.107422 0.125000
1 0.042969 0.188151 0.083984 0.115885
1 0.156738 0.189453 0.110352 0.097656
1 0.508789 0.059245 0.101562 0.115885
1 0.975098 0.522135 0.049805 0.158854
0 0.347168 0.501953 0.092773 0.128906
0 0.905273 0.072266 0.064453 0.102865
0 0.341797 0.069010 0.070312 0.083333
0 0.447754 0.365885 0.077148 0.125000
0 0.300293 0.579427 0.106445 0.109375
1 0.850586 0.290365 0.099609 0.127604
1 0.963867 0.274740 0.072266 0.127604
0 0.199219 0.641927 0.085938 0.145833
0 0.703125 0.944010 0.117188 0.111979
