0 0.510625 0.375000 0.251250 0.326667
0 0.317500 0.303333 0.252500 0.316667
0 0.143750 0.473333 0.250000 0.310000
0 0.716875 0.645833 0.253750 0.315000
0 0.904375 0.683333 0.191250 0.276667
0 0.229375 0.695833 0.198750 0.231667
0 0.413750 0.602500 0.180000 0.265000
0 0.578750 0.662500 0.172500 0.301667
0 0.275625 0.104167 0.208750 0.205000
0 0.894375 0.426667 0.208750 0.280000
0 0.068750 0.672500 0.135000 0.261667
0 0.912500 0.192500 0.175000 0.325000
0 0.805000 0.194167 0.162500 0.288333
0 0.753750 0.433333 0.132500 0.193333
0 0.671250 0.369167 0.185000 0.241667
0 0.713125 0.128333 0.166250 0.253333
0 0.091875 0.100000 0.181250 0.196667
0 0.117500 0.250000 0.182500 0.176667
0 0.605000 0.072500 0.152500 0.141667
0 0.438750 0.076667 0.162500 0.150000
0 0.475625 0.207500 0.191250 0.141667
0 0.043125 0.386667 0.083750 0.286667
