0 0.143750 0.640156 0.218750 0.388209
0 0.354687 0.713014 0.185625 0.358176
0 0.501563 0.508899 0.198125 0.359288
0 0.757188 0.575640 0.208125 0.419355
0 0.597500 0.784761 0.205000 0.426029
0 0.893125 0.254171 0.213750 0.314794
0 0.961562 0.546162 0.076875 0.344828
0 0.896875 0.829255 0.206250 0.332592
0 0.088438 0.366518 0.175625 0.341491
0 0.278750 0.388209 0.202500 0.375973
0 0.400625 0.197998 0.173750 0.344828
0 0.637813 0.290323 0.161875 0.338154
0 0.751250 0.254171 0.131250 0.281424
0 0.756875 0.082870 0.190000 0.163515
0 0.596875 0.181313 0.182500 0.360400
