0 0.111816 0.865234 0.165039 0.212240
0 0.205566 0.712891 0.143555 0.196615
0 0.335449 0.733724 0.143555 0.186198
0 0.484863 0.753906 0.108398 0.169271
0 0.060547 0.677083 0.119141 0.182292
0 0.273926 0.565755 0.139648 0.186198
0 0.204102 0.472005 0.132812 0.149740
0 0.083984 0.434245 0.119141 0.115885
0 0.430176 0.626302 0.124023 0.148438
0 0.596680 0.617188 0.128906 0.177083
0 0.564453 0.908854 0.113281 0.182292
0 0.695801 0.875651 0.124023 0.175781
0 0.692871 0.701172 0.127930 0.173177
0 0.401367 0.268880 0.119141 0.162760
0 0.499023 0.389323 0.123047 0.156250
0 0.341309 0.455729 0.118164 0.151042
0 0.614258 0.399089 0.113281 0.149740
0 0.516602 0.533203 0.142578 0.144531
0 0.750000 0.432292 0.125000 0.161458
0 0.223633 0.290365 0.115234 0.127604
0 0.126465 0.517578 0.073242 0.113281
0 0.288574 0.341797 0.096680 0.128906
0 0.714355 0.565755 0.112305 0.123698
0 0.748047 0.268229 0.119141 0.153646
0 0.805176 0.094401 0.129883 0.186198
0 0.906250 0.480469 0.117188 0.135417
0 0.905762 0.352865 0.096680 0.145833
0 0.558594 0.267578 0.142578 0.199219
0 0.480469 0.134115 0.128906 0.161458
0 0.842285 0.226562 0.104492 0.151042
0 0.794922 0.641927 0.101562 0.132812
0 0.150879 0.335938 0.081055 0.101562
0 0.413574 0.412109 0.094727 0.136719
0 0.414062 0.102865 0.109375 0.143229
0 0.624512 0.110026 0.118164 0.147135
0 0.820801 0.417969 0.075195 0.114583
0 0.731445 0.149740 0.105469 0.135417
0 0.291992 0.221354 0.087891 0.101562
0 0.703125 0.045573 0.115234 0.088542
0 0.569824 0.031901 0.104492 0.061198
0 0.409668 0.035156 0.108398 0.067708
0 0.589844 0.757812 0.107422 0.125000
