0 0.335449 0.821615 0.311523 0.315104
0 0.753418 0.817708 0.290039 0.231771
0 0.525391 0.722005 0.236328 0.233073
0 0.355957 0.548177 0.196289 0.268229
0 0.142578 0.685547 0.167969 0.214844
0 0.099609 0.518880 0.197266 0.180990
0 0.233398 0.407552 0.150391 0.192708
0 0.566895 0.505859 0.180664 0.238281
0 0.717773 0.318359 0.148438 0.157552
0 0.763672 0.515625 0.187500 0.192708
0 0.701660 0.649740 0.163086 0.177083
0 0.894531 0.685547 0.210938 0.225260
0 0.820801 0.423828 0.163086 0.183594
0 0.946289 0.416016 0.107422 0.147135
0 0.469238 0.441406 0.139648 0.192708
0 0.099609 0.410156 0.142578 0.114583
0 0.288086 0.307943 0.080078 0.100260
0 0.339355 0.226562 0.086914 0.106771
0 0.406250 0.312500 0.095703 0.138021
0 0.470703 0.248698 0.109375 0.093750
0 0.502930 0.345052 0.136719 0.119792
0 0.603027 0.362630 0.137695 0.102865
0 0.028809 0.692708 0.055664 0.200521
