0 0.103027 0.520498 0.172852 0.229868
0 0.132812 0.325037 0.189453 0.272328
0 0.290039 0.461201 0.191406 0.269400
0 0.426758 0.307467 0.179688 0.240117
0 0.580078 0.218155 0.164062 0.260615
0 0.656250 0.437775 0.177734 0.295754
0 0.763672 0.343338 0.140625 0.244510
0 0.782227 0.610542 0.154297 0.231332
0 0.852539 0.450952 0.130859 0.207906
0 0.387695 0.701318 0.230469 0.298682
0 0.525879 0.857247 0.182617 0.285505
0 0.705078 0.750366 0.193359 0.250366
0 0.173828 0.659590 0.125000 0.224012
0 0.260254 0.661054 0.141602 0.200586
0 0.317871 0.288433 0.083008 0.146413
