0 0.110312 0.817691 0.178125 0.345200
0 0.293125 0.755124 0.206250 0.334412
0 0.142813 0.491909 0.188125 0.351672
0 0.309063 0.443905 0.183125 0.292341
0 0.425938 0.503236 0.176875 0.275081
0 0.088125 0.379180 0.175000 0.266451
0 0.157500 0.220065 0.143750 0.252427
0 0.303438 0.186624 0.158125 0.274002
0 0.405938 0.326321 0.084375 0.143474
0 0.518437 0.188242 0.141875 0.247033
0 0.568750 0.545307 0.138750 0.272923
0 0.730625 0.548004 0.138750 0.243797
0 0.630313 0.725998 0.170625 0.222222
0 0.768437 0.808522 0.135625 0.275081
0 0.860938 0.771845 0.153125 0.229773
0 0.853125 0.571737 0.156250 0.226537
0 0.641875 0.329018 0.141250 0.243797
0 0.700000 0.137540 0.136250 0.216828
0 0.822500 0.210895 0.137500 0.171521
0 0.503437 0.374326 0.131875 0.176915
0 0.784375 0.400755 0.133750 0.173679
