0 0.935417 0.941667 0.129167 0.116667
0 0.809722 0.892188 0.166667 0.138542
0 0.563194 0.841667 0.181944 0.156250
0 0.484028 0.925000 0.223611 0.150000
0 0.050694 0.926562 0.098611 0.130208
0 0.211111 0.869271 0.116667 0.109375
0 0.238194 0.745833 0.156944 0.114583
0 0.229861 0.637500 0.165278 0.112500
0 0.084722 0.663021 0.141667 0.101042
0 0.104861 0.730208 0.118056 0.110417
0 0.624306 0.761979 0.156944 0.113542
0 0.476389 0.769271 0.130556 0.107292
0 0.390278 0.613542 0.150000 0.100000
0 0.387500 0.518750 0.152778 0.131250
0 0.209028 0.519792 0.179167 0.131250
0 0.522917 0.572396 0.131944 0.111458
0 0.603472 0.691146 0.140278 0.090625
0 0.834722 0.787500 0.158333 0.102083
0 0.951389 0.776042 0.097222 0.112500
0 0.746528 0.704167 0.131944 0.100000
0 0.750694 0.610417 0.126389 0.112500
0 0.921528 0.547917 0.156944 0.112500
0 0.434722 0.708854 0.150000 0.096875
0 0.708333 0.397396 0.147222 0.117708
0 0.834028 0.453125 0.140278 0.141667
0 0.707639 0.517188 0.131944 0.101042
0 0.518056 0.460938 0.141667 0.090625
0 0.084722 0.549479 0.097222 0.119792
0 0.274306 0.334896 0.134722 0.096875
0 0.214583 0.437500 0.143056 0.072917
0 0.358333 0.438542 0.144444 0.083333
0 0.116667 0.288021 0.127778 0.094792
0 0.248611 0.246875 0.130556 0.100000
0 0.390972 0.316146 0.118056 0.080208
0 0.862500 0.654167 0.119444 0.108333
0 0.948611 0.453646 0.102778 0.101042
0 0.635417 0.306250 0.173611 0.110417
0 0.938889 0.377604 0.122222 0.082292
0 0.750000 0.278646 0.116667 0.094792
0 0.470139 0.310937 0.090278 0.063542
0 0.591667 0.396354 0.119444 0.090625
0 0.082639 0.362500 0.123611 0.081250
0 0.685417 0.938542 0.195833 0.116667
0 0.029167 0.468229 0.055556 0.092708
0 0.384722 0.273958 0.091667 0.060417
0 0.836111 0.345833 0.127778 0.087500
0 0.373611 0.784375 0.113889 0.085417
0 0.627083 0.496875 0.112500 0.075000
0 0.518750 0.283333 0.084722 0.062500
