0 0.861250 0.857459 0.255000 0.285081
0 0.610625 0.850074 0.256250 0.290990
0 0.316875 0.858936 0.283750 0.282127
0 0.092500 0.858198 0.182500 0.283604
0 0.896250 0.601182 0.207500 0.313146
0 0.236250 0.579764 0.267500 0.273264
0 0.482500 0.612260 0.240000 0.296898
0 0.696875 0.574594 0.223750 0.289513
0 0.396875 0.327917 0.316250 0.378139
0 0.124375 0.314623 0.246250 0.392910
0 0.692500 0.336041 0.282500 0.361891
0 0.555625 0.124815 0.381250 0.246677
0 0.252500 0.100443 0.275000 0.197932
0 0.834375 0.102659 0.213750 0.202363
0 0.938125 0.353028 0.123750 0.248154
0 0.925625 0.132939 0.148750 0.236337
0 0.824375 0.330133 0.118750 0.255539
0 0.066250 0.598966 0.130000 0.252585
