0 0.143750 0.662500 0.231250 0.294444
0 0.323958 0.802778 0.181250 0.266667
0 0.177083 0.466667 0.189583 0.194444
0 0.633333 0.759722 0.172917 0.247222
0 0.905208 0.810417 0.181250 0.312500
0 0.298438 0.381944 0.146875 0.138889
0 0.318229 0.512500 0.132292 0.175000
0 0.439583 0.438194 0.112500 0.170833
0 0.583333 0.373611 0.156250 0.252778
0 0.477604 0.663889 0.178125 0.211111
0 0.671354 0.537500 0.188542 0.213889
0 0.824479 0.389583 0.184375 0.234722
0 0.930729 0.584028 0.138542 0.173611
0 0.777604 0.762500 0.159375 0.216667
0 0.773958 0.234722 0.179167 0.175000
0 0.167708 0.284722 0.135417 0.158333
0 0.034375 0.329861 0.066667 0.190278
0 0.043750 0.200694 0.085417 0.137500
0 0.468229 0.064583 0.094792 0.120833
0 0.542188 0.197222 0.169792 0.197222
0 0.460417 0.285417 0.125000 0.159722
0 0.922917 0.197917 0.133333 0.165278
0 0.975521 0.307639 0.046875 0.156944
0 0.623958 0.151389 0.139583 0.177778
