0 0.432639 0.808854 0.209722 0.165625
0 0.338194 0.926562 0.195833 0.144792
0 0.533333 0.920833 0.219444 0.158333
0 0.631944 0.884375 0.161111 0.152083
0 0.881250 0.829688 0.215278 0.161458
0 0.815972 0.688021 0.198611 0.151042
0 0.285417 0.785417 0.168056 0.156250
0 0.143750 0.776563 0.156944 0.132292
0 0.212500 0.659375 0.172222 0.122917
0 0.602083 0.774479 0.143056 0.105208
0 0.462500 0.723958 0.161111 0.102083
0 0.370139 0.587500 0.170833 0.129167
0 0.175694 0.530208 0.184722 0.125000
0 0.071528 0.613542 0.140278 0.137500
0 0.741667 0.852083 0.158333 0.162500
0 0.287500 0.495312 0.113889 0.092708
0 0.066667 0.418750 0.130556 0.104167
0 0.065278 0.307812 0.127778 0.132292
0 0.212500 0.309896 0.172222 0.115625
0 0.467361 0.423958 0.148611 0.112500
0 0.527778 0.497396 0.116667 0.094792
0 0.409722 0.510417 0.141667 0.095833
0 0.227083 0.391667 0.137500 0.089583
0 0.817361 0.532292 0.193056 0.114583
0 0.585417 0.670833 0.143056 0.104167
0 0.902083 0.919792 0.173611 0.139583
0 0.709722 0.617188 0.133333 0.121875
0 0.520833 0.590104 0.136111 0.101042
0 0.358333 0.691667 0.136111 0.085417
0 0.043750 0.230729 0.084722 0.063542
0 0.320833 0.285417 0.086111 0.075000
0 0.386806 0.340104 0.126389 0.096875
0 0.347222 0.420833 0.113889 0.093750
0 0.536806 0.332292 0.134722 0.110417
0 0.445139 0.301563 0.081944 0.059375
0 0.715278 0.426563 0.133333 0.113542
0 0.656250 0.552083 0.143056 0.095833
0 0.814583 0.355729 0.126389 0.092708
0 0.680556 0.303646 0.130556 0.098958
0 0.900694 0.289062 0.140278 0.088542
0 0.656944 0.209375 0.108333 0.079167
0 0.604861 0.181250 0.101389 0.077083
0 0.710417 0.148958 0.095833 0.068750
0 0.813194 0.179688 0.101389 0.065625
0 0.822917 0.244792 0.140278 0.091667
0 0.631250 0.478646 0.106944 0.084375
0 0.621528 0.391667 0.104167 0.064583
0 0.935417 0.385937 0.129167 0.103125
0 0.892361 0.178125 0.095833 0.068750
0 0.961111 0.248958 0.077778 0.095833
0 0.971528 0.184896 0.056944 0.055208
0 0.110417 0.874479 0.151389 0.132292
0 0.451389 0.267708 0.094444 0.052083
0 0.443056 0.223958 0.083333 0.043750
0 0.543056 0.269271 0.072222 0.057292
0 0.530556 0.229687 0.083333 0.046875
0 0.934028 0.601042 0.131944 0.118750
0 0.900000 0.483333 0.150000 0.104167
0 0.784028 0.470313 0.106944 0.065625
0 0.168056 0.457292 0.138889 0.070833
