0 0.627701 0.901471 0.135560 0.197059
0 0.683694 0.727941 0.129666 0.191176
0 0.828094 0.701471 0.163065 0.185294
0 0.749509 0.872059 0.131631 0.226471
0 0.932220 0.808824 0.123772 0.182353
0 0.552063 0.742647 0.125737 0.197059
0 0.408644 0.847059 0.149312 0.235294
0 0.198428 0.720588 0.176817 0.247059
0 0.345776 0.658824 0.145383 0.270588
0 0.145383 0.498529 0.153242 0.226471
0 0.048134 0.638235 0.092338 0.205882
0 0.076621 0.810294 0.149312 0.279412
0 0.286837 0.920588 0.157171 0.158824
0 0.163065 0.933824 0.157171 0.132353
0 0.455796 0.691176 0.110020 0.158824
0 0.457760 0.551471 0.161100 0.197059
0 0.589391 0.561765 0.141454 0.158824
0 0.706287 0.566176 0.119843 0.179412
0 0.821218 0.501471 0.129666 0.226471
0 0.754420 0.327941 0.137525 0.214706
0 0.927308 0.444118 0.141454 0.200000
0 0.887033 0.276471 0.131631 0.200000
0 0.949902 0.170588 0.092338 0.194118
0 0.284872 0.469118 0.141454 0.214706
0 0.344794 0.242647 0.186640 0.285294
0 0.055992 0.398529 0.108055 0.244118
0 0.171906 0.310294 0.170923 0.220588
0 0.158153 0.114706 0.163065 0.223529
0 0.458743 0.348529 0.127701 0.214706
0 0.569745 0.377941 0.129666 0.208824
0 0.299607 0.066176 0.127701 0.126471
0 0.039293 0.080882 0.074656 0.155882
0 0.447937 0.100000 0.141454 0.194118
0 0.510806 0.222059 0.098232 0.173529
0 0.620825 0.122059 0.125737 0.202941
0 0.718075 0.117647 0.135560 0.229412
0 0.867387 0.077941 0.123772 0.150000
0 0.665029 0.404412 0.111984 0.173529
0 0.497053 0.051471 0.117878 0.097059
0 0.797642 0.164706 0.078585 0.176471
0 0.932220 0.661765 0.131631 0.211765
0 0.499018 0.901471 0.125737 0.191176
0 0.046169 0.207353 0.088409 0.150000
