0 0.700000 0.940278 0.166667 0.119444
0 0.561979 0.946528 0.184375 0.106944
0 0.242708 0.901389 0.135417 0.197222
0 0.144271 0.929167 0.094792 0.141667
0 0.116146 0.842361 0.128125 0.165278
0 0.610938 0.797917 0.165625 0.218056
0 0.368229 0.873611 0.136458 0.208333
0 0.344792 0.712500 0.110417 0.163889
0 0.739062 0.852083 0.121875 0.212500
0 0.839063 0.958333 0.144792 0.083333
0 0.925521 0.918750 0.134375 0.162500
0 0.533854 0.625000 0.140625 0.230556
0 0.140104 0.727778 0.105208 0.113889
0 0.071354 0.653472 0.098958 0.126389
0 0.764583 0.758333 0.127083 0.155556
0 0.566667 0.427778 0.120833 0.183333
0 0.425000 0.438889 0.133333 0.169444
0 0.729167 0.671528 0.110417 0.134722
0 0.922396 0.793750 0.134375 0.148611
0 0.162500 0.604167 0.102083 0.133333
0 0.139063 0.489583 0.101042 0.120833
0 0.113021 0.364583 0.111458 0.129167
0 0.834375 0.678472 0.112500 0.131944
0 0.272917 0.631944 0.089583 0.116667
0 0.327604 0.639583 0.094792 0.126389
0 0.435937 0.590972 0.103125 0.143056
0 0.339062 0.483333 0.098958 0.147222
0 0.243750 0.384028 0.102083 0.140278
0 0.300521 0.247917 0.088542 0.112500
0 0.184375 0.307639 0.079167 0.109722
0 0.216146 0.496528 0.084375 0.109722
0 0.660417 0.504167 0.093750 0.136111
0 0.837500 0.545139 0.106250 0.145833
0 0.924479 0.610417 0.103125 0.137500
0 0.641146 0.359722 0.113542 0.138889
0 0.525000 0.324306 0.116667 0.115278
0 0.706771 0.262500 0.115625 0.141667
0 0.805729 0.261111 0.115625 0.166667
0 0.747917 0.125000 0.131250 0.158333
0 0.825000 0.086111 0.093750 0.136111
0 0.905729 0.323611 0.119792 0.186111
0 0.801562 0.422917 0.107292 0.137500
0 0.957812 0.461111 0.084375 0.161111
0 0.447917 0.186111 0.089583 0.130556
0 0.532292 0.163194 0.085417 0.129167
0 0.425000 0.067361 0.095833 0.131944
0 0.319271 0.130556 0.096875 0.130556
0 0.595833 0.156250 0.070833 0.115278
0 0.733333 0.397222 0.087500 0.136111
0 0.968750 0.219444 0.062500 0.122222
0 0.065625 0.530556 0.085417 0.138889
0 0.659896 0.649306 0.080208 0.112500
0 0.896875 0.178472 0.102083 0.134722
