0 0.249507 0.727941 0.214990 0.402941
0 0.462525 0.644118 0.254438 0.311765
0 0.322485 0.397059 0.222880 0.311765
0 0.109467 0.458824 0.211045 0.294118
0 0.513807 0.355882 0.167653 0.264706
0 0.424063 0.888235 0.216963 0.223529
0 0.053254 0.708824 0.102564 0.282353
0 0.622288 0.882353 0.183432 0.229412
0 0.117357 0.864706 0.230769 0.270588
0 0.802761 0.439706 0.209073 0.320588
0 0.923077 0.632353 0.153846 0.370588
0 0.929980 0.307353 0.140039 0.308824
0 0.858974 0.141176 0.242604 0.276471
0 0.695266 0.305882 0.199211 0.323529
0 0.859961 0.798529 0.244576 0.250000
0 0.371795 0.192647 0.203156 0.226471
0 0.631164 0.100000 0.272189 0.194118
0 0.196252 0.158824 0.167653 0.223529
0 0.099606 0.180882 0.124260 0.255882
0 0.643984 0.673529 0.179487 0.294118
0 0.763314 0.626471 0.177515 0.229412
0 0.910256 0.950000 0.179487 0.094118
0 0.353057 0.069118 0.276134 0.132353
0 0.041420 0.202941 0.078895 0.229412
