0 0.322296 0.688235 0.309051 0.423529
0 0.166667 0.395588 0.328918 0.432353
0 0.140177 0.119118 0.275938 0.232353
0 0.092715 0.725000 0.181015 0.385294
0 0.492274 0.747059 0.242826 0.394118
0 0.196468 0.920588 0.309051 0.158824
0 0.497792 0.251471 0.298013 0.391176
0 0.716336 0.508824 0.311258 0.388235
0 0.930464 0.544118 0.139073 0.376471
0 0.598234 0.854412 0.220751 0.291176
0 0.934879 0.913235 0.130243 0.167647
0 0.726269 0.180882 0.220751 0.302941
0 0.375276 0.108824 0.273731 0.211765
0 0.632450 0.061765 0.258278 0.117647
0 0.871965 0.142647 0.242826 0.279412
