0 0.093137 0.782353 0.170588 0.270588
0 0.253922 0.414706 0.237255 0.429412
0 0.409804 0.770588 0.321569 0.429412
0 0.645098 0.277941 0.223529 0.379412
0 0.440196 0.467647 0.280392 0.376471
0 0.810784 0.495588 0.288235 0.414706
0 0.790196 0.814706 0.266667 0.370588
0 0.851961 0.189706 0.296078 0.373529
0 0.554902 0.889706 0.219608 0.220588
0 0.243137 0.142647 0.203922 0.279412
0 0.383333 0.136765 0.154902 0.267647
0 0.926471 0.550000 0.147059 0.347059
0 0.027451 0.555882 0.050980 0.200000
0 0.973529 0.788235 0.052941 0.241176
