0 0.103753 0.704412 0.141280 0.273529
0 0.247241 0.723529 0.145695 0.223529
0 0.174393 0.494118 0.132450 0.182353
0 0.310155 0.367647 0.139073 0.200000
0 0.294702 0.547059 0.147903 0.158824
0 0.407285 0.691176 0.139073 0.288235
0 0.582781 0.823529 0.185430 0.241176
0 0.848786 0.748529 0.161148 0.232353
0 0.700883 0.710294 0.143488 0.255882
0 0.849890 0.570588 0.136865 0.188235
0 0.698675 0.501471 0.134658 0.185294
0 0.431567 0.455882 0.125828 0.188235
0 0.518764 0.401471 0.114790 0.150000
0 0.625828 0.333824 0.147903 0.220588
0 0.543046 0.714706 0.141280 0.152941
0 0.616998 0.638235 0.090508 0.182353
0 0.587196 0.519118 0.101545 0.191176
0 0.879691 0.511765 0.134658 0.194118
0 0.076159 0.588235 0.077263 0.129412
