0 0.241176 0.900000 0.184314 0.152941
0 0.107843 0.838235 0.129412 0.117647
0 0.133333 0.770588 0.149020 0.094118
0 0.062745 0.717647 0.117647 0.105882
0 0.321569 0.717647 0.141176 0.105882
0 0.458824 0.700000 0.141176 0.117647
0 0.335294 0.652941 0.152941 0.100000
0 0.170588 0.647059 0.129412 0.088235
0 0.707843 0.666176 0.145098 0.091176
0 0.084314 0.564706 0.137255 0.088235
0 0.245098 0.520588 0.113725 0.082353
0 0.282353 0.472059 0.109804 0.073529
0 0.529412 0.492647 0.117647 0.085294
0 0.501961 0.570588 0.101961 0.082353
0 0.264706 0.380882 0.074510 0.061765
0 0.621569 0.348529 0.098039 0.073529
0 0.909804 0.469118 0.101961 0.073529
0 0.698039 0.314706 0.086275 0.064706
0 0.358824 0.392647 0.066667 0.061765
0 0.633333 0.292647 0.090196 0.050000
0 0.500000 0.348529 0.090196 0.067647
0 0.478431 0.313235 0.086275 0.067647
0 0.388235 0.358824 0.078431 0.047059
0 0.660784 0.402941 0.105882 0.070588
0 0.825490 0.451471 0.082353 0.055882
0 0.552941 0.154412 0.062745 0.038235
0 0.794118 0.264706 0.074510 0.052941
1 0.158824 0.500000 0.098039 0.064706
1 0.272549 0.795588 0.168627 0.108824
1 0.241176 0.595588 0.105882 0.097059
1 0.362745 0.567647 0.152941 0.094118
1 0.629412 0.598529 0.129412 0.097059
1 0.741176 0.539706 0.141176 0.091176
1 0.896078 0.680882 0.145098 0.126471
1 0.925490 0.604412 0.117647 0.079412
1 0.847059 0.495588 0.125490 0.079412
1 0.647059 0.469118 0.133333 0.085294
1 0.886275 0.380882 0.086275 0.061765
1 0.417647 0.529412 0.113725 0.064706
1 0.466667 0.466176 0.086275 0.079412
1 0.586275 0.523529 0.105882 0.076471
1 0.749020 0.364706 0.101961 0.064706
1 0.756863 0.417647 0.117647 0.064706
1 0.601961 0.242647 0.082353 0.061765
1 0.823529 0.638235 0.117647 0.088235
1 0.674510 0.236765 0.078431 0.050000
1 0.654902 0.180882 0.070588 0.038235
1 0.449020 0.263235 0.066667 0.055882
1 0.545098 0.661765 0.117647 0.100000
1 0.494118 0.227941 0.070588 0.044118
1 0.509804 0.189706 0.078431 0.050000
1 0.811765 0.307353 0.070588 0.050000
1 0.805882 0.220588 0.074510 0.047059
1 0.562745 0.285294 0.082353 0.047059
