0 0.142647 0.279412 0.279412 0.300000
0 0.489706 0.270588 0.297059 0.276471
0 0.797059 0.291176 0.311765 0.288235
0 0.645588 0.097059 0.285294 0.188235
0 0.335294 0.108824 0.294118 0.211765
0 0.889706 0.095588 0.220588 0.185294
0 0.080882 0.573529 0.155882 0.341176
0 0.323529 0.500000 0.329412 0.311765
0 0.645588 0.522059 0.302941 0.285294
0 0.902941 0.538235 0.194118 0.323529
0 0.185294 0.811765 0.288235 0.323529
0 0.483824 0.780882 0.326471 0.338235
0 0.822059 0.777941 0.326471 0.314706
0 0.102941 0.102941 0.200000 0.200000
0 0.938235 0.942647 0.123529 0.114706
0 0.683824 0.945588 0.267647 0.108824
0 0.358824 0.942647 0.288235 0.114706
