0 0.220588 0.651471 0.323529 0.350000
0 0.557353 0.622059 0.320588 0.332353
0 0.366176 0.376471 0.320588 0.294118
0 0.100000 0.375000 0.194118 0.338235
0 0.036765 0.700000 0.067647 0.282353
0 0.766176 0.844118 0.320588 0.305882
0 0.854412 0.580882 0.291176 0.302941
0 0.694118 0.382353 0.329412 0.347059
0 0.173529 0.142647 0.323529 0.279412
0 0.504412 0.150000 0.326471 0.294118
0 0.848529 0.141176 0.302941 0.276471
0 0.445588 0.864706 0.320588 0.258824
0 0.142647 0.877941 0.279412 0.244118
0 0.935294 0.348529 0.129412 0.320588
