0 0.668750 0.475550 0.087500 0.158924
0 0.689583 0.364303 0.084722 0.151589
0 0.785417 0.363081 0.095833 0.144254
0 0.831944 0.316626 0.077778 0.144254
0 0.741667 0.242054 0.105556 0.161369
0 0.734722 0.812958 0.100000 0.207824
0 0.859722 0.920538 0.138889 0.154034
0 0.731944 0.559902 0.080556 0.146699
0 0.924306 0.647922 0.090278 0.136919
0 0.647917 0.165037 0.081944 0.149144
0 0.577778 0.679707 0.116667 0.146699
0 0.549306 0.455990 0.095833 0.154034
0 0.320833 0.366748 0.080556 0.132029
0 0.413889 0.277506 0.100000 0.183374
0 0.617361 0.920538 0.073611 0.119804
0 0.456250 0.520782 0.076389 0.161369
0 0.813889 0.629584 0.097222 0.154034
0 0.420833 0.864303 0.086111 0.158924
0 0.464583 0.663814 0.079167 0.134474
0 0.357639 0.616137 0.087500 0.146699
0 0.439583 0.089242 0.106944 0.173594
0 0.830556 0.781174 0.083333 0.119804
0 0.359028 0.078240 0.070833 0.151589
0 0.538194 0.180929 0.079167 0.161369
0 0.489583 0.942543 0.101389 0.114914
0 0.472917 0.842298 0.084722 0.139364
0 0.547222 0.855746 0.069444 0.107579
0 0.554861 0.765281 0.095833 0.122249
0 0.602778 0.367971 0.063889 0.158924
0 0.325694 0.860636 0.084722 0.185819
0 0.297917 0.105134 0.062500 0.161369
0 0.331944 0.479218 0.072222 0.107579
0 0.643056 0.596577 0.086111 0.141809
0 0.815278 0.457213 0.086111 0.141809
