0 0.376077 0.754654 0.099522 0.171543
0 0.426794 0.537234 0.114833 0.146277
0 0.203349 0.632314 0.121531 0.152926
0 0.218182 0.479388 0.118660 0.179521
0 0.321053 0.429521 0.113876 0.151596
0 0.361244 0.296543 0.113876 0.159574
0 0.549761 0.327793 0.121531 0.163564
0 0.493780 0.386968 0.095694 0.143617
0 0.251675 0.337766 0.111005 0.159574
0 0.138278 0.324468 0.131100 0.146277
0 0.120574 0.548537 0.109091 0.150266
0 0.289952 0.755984 0.091866 0.144947
0 0.202871 0.242021 0.099522 0.111702
0 0.098086 0.643617 0.096651 0.135638
0 0.330622 0.620346 0.110048 0.152926
0 0.346411 0.126995 0.091866 0.131649
0 0.431579 0.263963 0.097608 0.139628
0 0.670813 0.316489 0.082297 0.146277
0 0.548804 0.210771 0.090909 0.113032
0 0.415789 0.623670 0.085167 0.111702
0 0.407177 0.392952 0.081340 0.144947
