0 0.785417 0.785000 0.195833 0.185000
0 0.748958 0.567500 0.206250 0.225000
0 0.882292 0.682500 0.181250 0.205000
0 0.606250 0.723750 0.179167 0.202500
0 0.575000 0.546250 0.183333 0.212500
0 0.425000 0.417500 0.187500 0.220000
0 0.612500 0.387500 0.204167 0.195000
0 0.703125 0.281250 0.181250 0.222500
0 0.781250 0.361250 0.162500 0.177500
0 0.277083 0.493750 0.179167 0.212500
0 0.229167 0.606250 0.175000 0.182500
0 0.185417 0.380000 0.141667 0.205000
0 0.341667 0.293750 0.191667 0.172500
0 0.222917 0.162500 0.116667 0.205000
0 0.356250 0.098750 0.175000 0.192500
0 0.525000 0.272500 0.183333 0.180000
0 0.607292 0.172500 0.156250 0.155000
0 0.144792 0.578750 0.097917 0.177500
0 0.546875 0.758750 0.127083 0.147500
0 0.456250 0.611250 0.158333 0.217500
0 0.661458 0.855000 0.139583 0.140000
0 0.361458 0.606250 0.114583 0.207500
