0 0.264167 0.440000 0.286667 0.397778
0 0.631667 0.848889 0.270000 0.291111
0 0.098750 0.227778 0.195833 0.404444
0 0.249583 0.166667 0.220833 0.260000
0 0.475000 0.283889 0.215000 0.270000
0 0.195833 0.646667 0.250000 0.293333
0 0.362083 0.845556 0.287500 0.304444
0 0.113333 0.877778 0.225000 0.235556
0 0.572500 0.556667 0.256667 0.355556
0 0.585833 0.131667 0.233333 0.261111
0 0.744167 0.369444 0.258333 0.276667
0 0.860833 0.666111 0.245000 0.292222
0 0.919583 0.458333 0.160833 0.287778
0 0.363750 0.065000 0.185833 0.127778
