0 0.809167 0.863889 0.226667 0.272222
0 0.307500 0.590556 0.226667 0.294444
0 0.583750 0.770000 0.217500 0.255556
0 0.807083 0.575556 0.177500 0.277778
0 0.485000 0.313333 0.203333 0.231111
0 0.740417 0.319444 0.169167 0.223333
0 0.907500 0.336667 0.160000 0.202222
0 0.174583 0.718889 0.205833 0.295556
0 0.038750 0.265000 0.075833 0.192222
0 0.091667 0.101667 0.140000 0.201111
0 0.212083 0.257222 0.157500 0.230000
0 0.356667 0.268333 0.138333 0.194444
0 0.400417 0.116667 0.157500 0.200000
0 0.259167 0.100000 0.143333 0.197778
0 0.521250 0.185000 0.160833 0.190000
0 0.670833 0.146111 0.161667 0.212222
0 0.541667 0.070556 0.156667 0.138889
0 0.774167 0.092778 0.130000 0.183333
0 0.874583 0.187222 0.189167 0.178889
0 0.917917 0.079444 0.142500 0.156667
0 0.046250 0.712778 0.090833 0.285556
0 0.127500 0.918889 0.253333 0.157778
0 0.030417 0.523889 0.059167 0.154444
0 0.239167 0.491111 0.130000 0.160000
0 0.610833 0.392778 0.150000 0.247778
0 0.507083 0.557222 0.200833 0.254444
