0 0.185000 0.782778 0.368333 0.434444
0 0.141667 0.596111 0.276667 0.287778
0 0.210417 0.303333 0.184167 0.300000
0 0.414583 0.453333 0.244167 0.311111
0 0.492083 0.203333 0.264167 0.404444
0 0.437500 0.824444 0.261667 0.351111
0 0.913750 0.847778 0.172500 0.304444
0 0.598333 0.612778 0.250000 0.325556
0 0.834167 0.587222 0.236667 0.336667
0 0.767500 0.138333 0.215000 0.274444
0 0.657917 0.350556 0.209167 0.276667
0 0.921250 0.368889 0.157500 0.282222
0 0.074583 0.082778 0.147500 0.163333
0 0.179583 0.043333 0.177500 0.084444
0 0.344583 0.040000 0.167500 0.077778
0 0.610000 0.911667 0.241667 0.176667
