0 0.073750 0.493889 0.145833 0.416667
0 0.209167 0.796111 0.393333 0.407778
0 0.500417 0.647222 0.309167 0.403333
0 0.321667 0.505000 0.278333 0.303333
0 0.202917 0.416111 0.205833 0.283333
0 0.405833 0.197222 0.250000 0.341111
0 0.601250 0.450556 0.224167 0.252222
0 0.716250 0.281111 0.204167 0.273333
0 0.591250 0.113889 0.229167 0.225556
0 0.775417 0.175556 0.155833 0.228889
0 0.892917 0.080556 0.214167 0.158889
0 0.921250 0.223889 0.157500 0.247778
0 0.908333 0.459444 0.183333 0.278889
0 0.800833 0.694444 0.313333 0.377778
0 0.884167 0.838333 0.231667 0.323333
0 0.233333 0.276111 0.125000 0.143333
