0 0.232500 0.821111 0.265000 0.357778
0 0.260833 0.483889 0.225000 0.301111
0 0.494583 0.523889 0.259167 0.316667
0 0.484167 0.826667 0.238333 0.306667
0 0.722500 0.649444 0.250000 0.361111
0 0.894583 0.494444 0.210833 0.313333
0 0.321667 0.247778 0.208333 0.271111
0 0.535833 0.258333 0.215000 0.250000
0 0.060000 0.520000 0.118333 0.291111
0 0.704583 0.363333 0.249167 0.264444
0 0.141250 0.333889 0.190833 0.261111
0 0.856667 0.214444 0.191667 0.266667
0 0.700000 0.121111 0.201667 0.231111
0 0.538333 0.071667 0.153333 0.141111
0 0.364583 0.076667 0.177500 0.151111
0 0.192917 0.131111 0.179167 0.206667
0 0.652500 0.937778 0.208333 0.124444
0 0.905833 0.933889 0.185000 0.132222
