0 0.329583 0.606111 0.304167 0.487778
0 0.103333 0.578889 0.205000 0.311111
0 0.547500 0.720556 0.241667 0.310000
0 0.683333 0.527778 0.230000 0.326667
0 0.910000 0.481667 0.180000 0.303333
0 0.563750 0.230000 0.299167 0.322222
0 0.758333 0.294444 0.213333 0.311111
0 0.908333 0.171667 0.183333 0.341111
0 0.119167 0.190000 0.163333 0.224444
0 0.239583 0.810000 0.272500 0.320000
0 0.873333 0.824444 0.253333 0.342222
0 0.417083 0.921667 0.265833 0.156667
0 0.681667 0.921667 0.251667 0.156667
0 0.044167 0.877778 0.086667 0.244444
0 0.707500 0.082778 0.220000 0.163333
0 0.375000 0.123333 0.166667 0.244444
0 0.140833 0.386667 0.180000 0.177778
0 0.033750 0.226667 0.065833 0.213333
0 0.127500 0.071667 0.156667 0.141111
0 0.441667 0.465000 0.206667 0.252222
0 0.271667 0.223889 0.210000 0.272222
0 0.530000 0.064444 0.145000 0.126667
