0 0.285417 0.383333 0.332500 0.380000
0 0.480000 0.645000 0.298333 0.354444
0 0.064583 0.837778 0.127500 0.324444
0 0.260417 0.860000 0.257500 0.280000
0 0.589167 0.393333 0.250000 0.260000
0 0.730833 0.565556 0.283333 0.373333
0 0.683750 0.143333 0.237500 0.284444
0 0.945417 0.232778 0.109167 0.316667
0 0.856667 0.387778 0.230000 0.262222
0 0.492083 0.267778 0.169167 0.193333
0 0.524583 0.155000 0.117500 0.132222
0 0.412083 0.189444 0.112500 0.112222
0 0.598750 0.865556 0.264167 0.268889
0 0.930833 0.640000 0.138333 0.357778
0 0.837917 0.897222 0.217500 0.205556
0 0.961667 0.868333 0.076667 0.263333
0 0.210417 0.208889 0.155833 0.128889
0 0.096250 0.510556 0.190833 0.301111
0 0.878750 0.077778 0.242500 0.153333
0 0.770417 0.223889 0.187500 0.225556
0 0.033333 0.313333 0.065000 0.117778
