0 0.569167 0.790000 0.190000 0.260000
0 0.388750 0.843889 0.185833 0.261111
0 0.236250 0.877222 0.150833 0.238889
0 0.172500 0.760556 0.141667 0.198889
0 0.318333 0.658333 0.175000 0.227778
0 0.439167 0.495556 0.168333 0.242222
0 0.530833 0.638889 0.173333 0.191111
0 0.712917 0.862778 0.209167 0.238889
0 0.751667 0.735000 0.176667 0.236667
0 0.923750 0.702778 0.152500 0.174444
0 0.676250 0.557222 0.192500 0.261111
0 0.113750 0.718333 0.110833 0.203333
0 0.037500 0.591111 0.073333 0.206667
0 0.130417 0.522778 0.144167 0.201111
0 0.215417 0.595556 0.129167 0.173333
0 0.089167 0.396667 0.156667 0.175556
0 0.253750 0.371111 0.170833 0.228889
0 0.391250 0.322222 0.112500 0.137778
0 0.534583 0.400000 0.160833 0.215556
0 0.694583 0.387778 0.157500 0.226667
0 0.626667 0.247222 0.143333 0.123333
0 0.786250 0.316667 0.130833 0.177778
0 0.804583 0.454444 0.115833 0.180000
0 0.889583 0.536111 0.164167 0.178889
0 0.801667 0.202222 0.123333 0.160000
0 0.950000 0.269444 0.100000 0.125556
0 0.965417 0.161667 0.069167 0.118889
0 0.859583 0.361667 0.075833 0.127778
0 0.877500 0.299444 0.073333 0.103333
0 0.975833 0.419444 0.048333 0.127778
