0 0.227917 0.730556 0.155833 0.230000
0 0.068750 0.369444 0.124167 0.125556
0 0.029583 0.281667 0.057500 0.101111
0 0.102500 0.246111 0.093333 0.118889
0 0.038333 0.214444 0.075000 0.086667
0 0.110000 0.155556 0.076667 0.095556
0 0.033333 0.158333 0.065000 0.076667
0 0.345833 0.746667 0.131667 0.191111
0 0.400833 0.596111 0.143333 0.174444
0 0.514583 0.743889 0.134167 0.212222
0 0.412500 0.422222 0.141667 0.166667
0 0.385417 0.310000 0.112500 0.155556
0 0.320833 0.485556 0.110000 0.153333
0 0.632500 0.699444 0.136667 0.185556
0 0.659167 0.468889 0.171667 0.206667
0 0.482917 0.515000 0.104167 0.167778
0 0.520417 0.346111 0.120833 0.165556
0 0.754167 0.567222 0.140000 0.178889
0 0.765000 0.382778 0.135000 0.198889
0 0.670833 0.308333 0.133333 0.154444
0 0.801250 0.853333 0.149167 0.222222
0 0.931250 0.856111 0.137500 0.216667
0 0.829583 0.258889 0.145833 0.200000
0 0.917917 0.120556 0.164167 0.176667
0 0.911667 0.373889 0.136667 0.152222
0 0.847917 0.497222 0.139167 0.178889
0 0.555833 0.178889 0.105000 0.137778
0 0.650000 0.148889 0.103333 0.124444
0 0.797500 0.695556 0.138333 0.171111
0 0.962500 0.526667 0.073333 0.180000
0 0.743750 0.149444 0.085833 0.147778
0 0.614583 0.086111 0.084167 0.096667
0 0.705833 0.072222 0.080000 0.100000
0 0.809167 0.071667 0.068333 0.116667
0 0.885000 0.050556 0.091667 0.098889
0 0.964583 0.272222 0.065833 0.175556
0 0.932917 0.690000 0.109167 0.155556
0 0.477083 0.220556 0.062500 0.087778
0 0.102917 0.094444 0.079167 0.077778
