0 0.069167 0.837222 0.133333 0.205556
0 0.141667 0.795000 0.090000 0.156667
0 0.195417 0.920556 0.144167 0.158889
0 0.742083 0.453889 0.135833 0.187778
0 0.099583 0.957222 0.132500 0.076667
0 0.021250 0.932778 0.040833 0.134444
0 0.265417 0.497222 0.152500 0.203333
0 0.307500 0.291667 0.130000 0.221111
0 0.155000 0.412778 0.201667 0.185556
0 0.410000 0.470000 0.175000 0.197778
0 0.271667 0.623889 0.150000 0.198889
0 0.131667 0.513889 0.140000 0.118889
0 0.381250 0.256111 0.115833 0.227778
0 0.201250 0.310556 0.089167 0.098889
0 0.219583 0.205556 0.095833 0.142222
0 0.448333 0.412222 0.133333 0.153333
0 0.730417 0.603889 0.130833 0.194444
0 0.855417 0.528889 0.149167 0.202222
0 0.787917 0.646111 0.097500 0.152222
0 0.754167 0.290000 0.133333 0.200000
0 0.861667 0.412778 0.131667 0.145556
