0 0.402778 0.941146 0.236111 0.113542
0 0.740278 0.798958 0.255556 0.185417
0 0.404861 0.735417 0.273611 0.204167
0 0.411111 0.510938 0.238889 0.190625
0 0.632639 0.568229 0.212500 0.153125
0 0.654861 0.950521 0.209722 0.098958
0 0.142361 0.154167 0.070833 0.050000
0 0.250694 0.643750 0.256944 0.177083
0 0.246528 0.126562 0.065278 0.044792
0 0.264583 0.170833 0.062500 0.047917
0 0.469444 0.226562 0.072222 0.051042
0 0.754861 0.211979 0.070833 0.061458
0 0.923611 0.160938 0.066667 0.053125
0 0.277778 0.378646 0.188889 0.113542
0 0.145833 0.236458 0.191667 0.118750
0 0.313889 0.145313 0.058333 0.042708
0 0.590278 0.239063 0.055556 0.042708
0 0.619444 0.171354 0.069444 0.046875
0 0.814583 0.236458 0.065278 0.047917
0 0.542361 0.221354 0.054167 0.038542
0 0.526389 0.173437 0.058333 0.051042
0 0.556944 0.134375 0.066667 0.039583
0 0.683333 0.187500 0.050000 0.043750
0 0.635417 0.216667 0.065278 0.041667
0 0.834722 0.184375 0.052778 0.043750
0 0.398611 0.185938 0.066667 0.048958
0 0.297222 0.104688 0.063889 0.040625
0 0.369444 0.133333 0.052778 0.039583
0 0.458333 0.157292 0.066667 0.033333
0 0.690278 0.144792 0.061111 0.039583
0 0.931250 0.204167 0.070833 0.043750
0 0.895139 0.133333 0.070833 0.045833
0 0.490972 0.129688 0.062500 0.042708
0 0.193056 0.130208 0.061111 0.037500
0 0.520833 0.847396 0.250000 0.161458
0 0.408333 0.382812 0.111111 0.078125
0 0.600694 0.115104 0.048611 0.030208
0 0.386111 0.241146 0.072222 0.044792
0 0.683333 0.245312 0.066667 0.036458
0 0.291667 0.825000 0.166667 0.143750
0 0.266667 0.484896 0.144444 0.136458
