0 0.239167 0.706111 0.166667 0.205556
0 0.131667 0.567778 0.155000 0.240000
0 0.256667 0.480000 0.165000 0.237778
0 0.413750 0.427778 0.170833 0.246667
0 0.387917 0.630556 0.165833 0.221111
0 0.182083 0.360000 0.157500 0.215556
0 0.329583 0.273889 0.174167 0.232222
0 0.469167 0.202222 0.161667 0.235556
0 0.581667 0.227778 0.140000 0.208889
0 0.475417 0.541667 0.194167 0.232222
0 0.563750 0.591667 0.149167 0.216667
0 0.677917 0.497778 0.179167 0.222222
0 0.799583 0.423333 0.159167 0.220000
0 0.723750 0.249444 0.175833 0.218889
