0 0.331667 0.877222 0.221667 0.245556
0 0.160000 0.716667 0.183333 0.291111
0 0.355833 0.670556 0.180000 0.247778
0 0.576667 0.693889 0.181667 0.256667
0 0.134167 0.462222 0.168333 0.222222
0 0.178333 0.351111 0.145000 0.166667
0 0.255833 0.533889 0.135000 0.221111
0 0.417917 0.518333 0.180833 0.198889
0 0.565000 0.482778 0.138333 0.174444
0 0.301667 0.410000 0.116667 0.146667
0 0.027500 0.510556 0.053333 0.238889
0 0.042500 0.351111 0.083333 0.180000
0 0.108750 0.258333 0.137500 0.161111
0 0.436667 0.379444 0.166667 0.156667
0 0.326667 0.299444 0.125000 0.156667
0 0.031250 0.745000 0.060833 0.214444
