1 0.073668 0.829167 0.141066 0.291667
0 0.227273 0.677083 0.184953 0.204167
0 0.603448 0.908333 0.228840 0.183333
0 0.415361 0.639583 0.172414 0.220833
0 0.358934 0.522917 0.184953 0.245833
0 0.799373 0.852083 0.219436 0.295833
0 0.791536 0.675000 0.203762 0.250000
0 0.815047 0.468750 0.163009 0.195833
0 0.882445 0.372917 0.178683 0.195833
0 0.862069 0.262500 0.169279 0.166667
0 0.664577 0.304167 0.188088 0.191667
0 0.333856 0.366667 0.166144 0.150000
0 0.097179 0.191667 0.156740 0.166667
0 0.084639 0.077083 0.150470 0.129167
0 0.426332 0.208333 0.119122 0.158333
0 0.617555 0.177083 0.169279 0.120833
0 0.380878 0.172917 0.128527 0.137500
0 0.592476 0.054167 0.131661 0.100000
1 0.166144 0.529167 0.219436 0.208333
1 0.084639 0.339583 0.163009 0.187500
1 0.213166 0.831250 0.169279 0.187500
1 0.597179 0.641667 0.203762 0.308333
1 0.912226 0.575000 0.175549 0.225000
1 0.713166 0.516667 0.172414 0.233333
1 0.235110 0.141667 0.150470 0.158333
1 0.192790 0.341667 0.115987 0.141667
1 0.500000 0.418750 0.166144 0.220833
1 0.387147 0.925000 0.216301 0.141667
1 0.401254 0.779167 0.219436 0.241667
1 0.308777 0.062500 0.115987 0.116667
