0 0.399293 0.707113 0.204947 0.393305
0 0.588339 0.598326 0.272085 0.292887
0 0.434629 0.142259 0.233216 0.276151
0 0.782686 0.240586 0.265018 0.322176
0 0.075972 0.451883 0.144876 0.242678
0 0.298587 0.265690 0.208481 0.305439
0 0.503534 0.359833 0.279152 0.309623
0 0.247350 0.608787 0.176678 0.313808
0 0.128975 0.102510 0.180212 0.196653
0 0.595406 0.060669 0.159011 0.112971
0 0.943463 0.186192 0.098940 0.297071
0 0.853357 0.562762 0.272085 0.405858
0 0.689046 0.817992 0.240283 0.313808
0 0.044170 0.635983 0.081272 0.209205
0 0.123675 0.736402 0.141343 0.242678
0 0.049470 0.267782 0.091873 0.192469
0 0.888693 0.799163 0.201413 0.184100
0 0.793286 0.050209 0.229682 0.092050
0 0.086572 0.910042 0.166078 0.171548
0 0.439929 0.910042 0.236749 0.171548
0 0.805654 0.943515 0.212014 0.112971
0 0.240283 0.893305 0.148410 0.188285
0 0.224382 0.763598 0.159011 0.213389
