0 0.250817 0.925245 0.168301 0.149510
0 0.383987 0.871324 0.137255 0.208333
0 0.549837 0.746324 0.142157 0.237745
0 0.430556 0.731618 0.112745 0.178922
0 0.249183 0.767157 0.132353 0.200980
0 0.125000 0.889706 0.142157 0.220588
0 0.790033 0.830882 0.158497 0.284314
0 0.059641 0.763480 0.116013 0.203431
0 0.068627 0.588235 0.133987 0.200980
0 0.458333 0.560049 0.178105 0.193627
0 0.131536 0.444853 0.119281 0.183824
0 0.244281 0.486520 0.125817 0.198529
0 0.180556 0.634804 0.132353 0.196078
0 0.282680 0.344363 0.117647 0.178922
0 0.435458 0.329657 0.142157 0.188725
0 0.526961 0.412990 0.132353 0.183824
0 0.148693 0.285539 0.124183 0.178922
0 0.895425 0.758578 0.163399 0.237745
0 0.638889 0.578431 0.120915 0.176471
0 0.649510 0.415441 0.138889 0.169118
0 0.379085 0.214461 0.130719 0.183824
0 0.508170 0.138480 0.143791 0.183824
0 0.740196 0.325980 0.117647 0.181373
0 0.825163 0.403186 0.130719 0.183824
0 0.939542 0.502451 0.120915 0.166667
0 0.915850 0.340686 0.129085 0.156863
0 0.856209 0.202206 0.133987 0.218137
0 0.061275 0.424020 0.086601 0.147059
0 0.031863 0.365196 0.060458 0.156863
0 0.040033 0.224265 0.076797 0.154412
0 0.363562 0.470588 0.129085 0.156863
0 0.235294 0.159314 0.094771 0.137255
0 0.361928 0.122549 0.116013 0.117647
0 0.550654 0.290441 0.111111 0.139706
0 0.773693 0.094363 0.125817 0.174020
0 0.940359 0.064951 0.119281 0.125000
0 0.961601 0.253676 0.076797 0.144608
0 0.575980 0.053922 0.089869 0.102941
0 0.361111 0.039216 0.120915 0.073529
0 0.848856 0.055147 0.093137 0.105392
1 0.146242 0.154412 0.125817 0.147059
1 0.665033 0.828431 0.173203 0.210784
1 0.855392 0.545343 0.129085 0.208333
1 0.319444 0.621324 0.135621 0.193627
1 0.658497 0.169118 0.130719 0.200980
0 0.503268 0.928922 0.156863 0.142157
0 0.972222 0.867647 0.055556 0.215686
0 0.218954 0.073529 0.094771 0.088235
0 0.121732 0.098039 0.096405 0.147059
