0 0.868125 0.671250 0.236250 0.242500
0 0.346875 0.625625 0.248750 0.241250
0 0.655000 0.706875 0.230000 0.216250
0 0.272500 0.853750 0.230000 0.165000
0 0.911875 0.418125 0.176250 0.226250
0 0.704375 0.495625 0.241250 0.198750
0 0.366250 0.430625 0.202500 0.173750
0 0.593750 0.372500 0.185000 0.172500
0 0.497500 0.730625 0.172500 0.253750
0 0.219375 0.476875 0.158750 0.163750
0 0.146875 0.316250 0.146250 0.165000
0 0.259375 0.148125 0.146250 0.156250
0 0.077500 0.417500 0.152500 0.137500
0 0.297500 0.313125 0.172500 0.161250
0 0.808125 0.153750 0.131250 0.125000
0 0.947500 0.236250 0.105000 0.155000
0 0.085000 0.623750 0.167500 0.150000
0 0.121875 0.118125 0.118750 0.113750
0 0.583125 0.166875 0.138750 0.136250
0 0.459375 0.132500 0.088750 0.085000
0 0.945625 0.131250 0.108750 0.132500
0 0.630625 0.886250 0.218750 0.115000
0 0.066875 0.281875 0.126250 0.133750
