0 0.135621 0.486453 0.212418 0.283251
0 0.410948 0.570197 0.200980 0.288177
0 0.255719 0.663793 0.210784 0.312808
0 0.587418 0.701970 0.214052 0.334975
0 0.590686 0.396552 0.227124 0.315271
0 0.762255 0.757389 0.233660 0.317734
0 0.920752 0.614532 0.155229 0.322660
0 0.327614 0.349754 0.210784 0.330049
0 0.066993 0.256158 0.130719 0.261084
0 0.194444 0.254926 0.156863 0.243842
0 0.433824 0.828818 0.194444 0.278325
0 0.339869 0.124384 0.202614 0.243842
0 0.548203 0.279557 0.184641 0.243842
0 0.734477 0.470443 0.155229 0.275862
0 0.823529 0.455665 0.137255 0.330049
0 0.899510 0.347291 0.151961 0.246305
0 0.527778 0.077586 0.218954 0.150246
0 0.655229 0.198276 0.107843 0.199507
0 0.704248 0.088670 0.130719 0.172414
0 0.840686 0.088670 0.155229 0.172414
0 0.927288 0.181034 0.125817 0.204433
0 0.829248 0.873153 0.187908 0.253695
0 0.599673 0.899015 0.169935 0.201970
0 0.138889 0.073892 0.215686 0.142857
0 0.056373 0.926108 0.109477 0.147783
0 0.761438 0.280788 0.130719 0.147783
