0 0.201797 0.274709 0.148693 0.281977
0 0.184641 0.473837 0.124183 0.197674
0 0.234477 0.646802 0.106209 0.223837
0 0.325980 0.651163 0.135621 0.238372
0 0.452614 0.623547 0.127451 0.229651
0 0.383987 0.813953 0.120915 0.209302
0 0.505719 0.784884 0.135621 0.279070
0 0.383170 0.433140 0.135621 0.238372
0 0.281046 0.446221 0.111111 0.212209
0 0.339052 0.261628 0.135621 0.209302
0 0.264706 0.119186 0.130719 0.232558
0 0.473039 0.312500 0.132353 0.235465
0 0.542484 0.527616 0.153595 0.241279
0 0.571078 0.684593 0.063725 0.154070
0 0.629085 0.758721 0.098039 0.220930
0 0.340686 0.098837 0.066993 0.133721
