0 0.321895 0.449755 0.068627 0.115196
0 0.291667 0.610294 0.063725 0.112745
0 0.344771 0.541667 0.068627 0.102941
0 0.277778 0.530637 0.068627 0.100490
0 0.107026 0.724265 0.070261 0.110294
0 0.734477 0.734069 0.060458 0.090686
0 0.792484 0.725490 0.068627 0.083333
0 0.726307 0.644608 0.053922 0.093137
0 0.512255 0.645833 0.080065 0.129902
0 0.430556 0.653186 0.086601 0.129902
0 0.812092 0.656863 0.062092 0.073529
0 0.535131 0.756127 0.086601 0.134804
0 0.850490 0.924020 0.102941 0.147059
0 0.317810 0.906863 0.096405 0.161765
0 0.385621 0.958333 0.094771 0.083333
0 0.430556 0.893382 0.086601 0.115196
0 0.254902 0.676471 0.068627 0.098039
0 0.407680 0.577206 0.066993 0.090686
0 0.358660 0.645833 0.066993 0.115196
0 0.445261 0.808824 0.089869 0.127451
0 0.098039 0.672794 0.062092 0.085784
0 0.165033 0.879902 0.084967 0.122549
0 0.539216 0.876225 0.084967 0.115196
0 0.544935 0.944853 0.102941 0.110294
0 0.620098 0.941176 0.080065 0.112745
0 0.733660 0.878676 0.094771 0.134804
0 0.634804 0.822304 0.083333 0.100490
0 0.638889 0.757353 0.062092 0.073529
0 0.263889 0.780637 0.089869 0.110294
0 0.157680 0.686275 0.057190 0.098039
0 0.616013 0.696078 0.049020 0.053922
0 0.597222 0.682598 0.057190 0.061275
0 0.610294 0.622549 0.044118 0.068627
0 0.413399 0.501225 0.071895 0.085784
0 0.044935 0.745098 0.057190 0.102941
0 0.092320 0.859069 0.080065 0.105392
0 0.030229 0.705882 0.057190 0.093137
0 0.027778 0.958333 0.052288 0.073529
0 0.229575 0.580882 0.066993 0.093137
0 0.192810 0.700980 0.045752 0.083333
0 0.148693 0.618873 0.052288 0.061275
0 0.376634 0.785539 0.080065 0.134804
0 0.676471 0.735294 0.062092 0.093137
0 0.018791 0.801471 0.034314 0.098039
0 0.102941 0.626225 0.055556 0.046569
0 0.152778 0.786765 0.066993 0.073529
0 0.252451 0.912990 0.066993 0.134804
0 0.689542 0.981618 0.084967 0.036765
0 0.783497 0.965686 0.102941 0.068627
0 0.926471 0.933824 0.055556 0.112745
0 0.662582 0.686275 0.040850 0.058824
0 0.683824 0.645833 0.037582 0.051471
0 0.629085 0.651961 0.045752 0.049020
0 0.475490 0.580882 0.045752 0.078431
