0 0.590625 0.881992 0.108750 0.132333
0 0.542500 0.749659 0.105000 0.115962
0 0.658125 0.712824 0.108750 0.121419
0 0.225625 0.450887 0.091250 0.126876
0 0.631250 0.517053 0.095000 0.130969
0 0.704375 0.819918 0.106250 0.114598
0 0.667500 0.604366 0.110000 0.128240
0 0.779375 0.750341 0.116250 0.106412
0 0.135625 0.485675 0.083750 0.109141
0 0.485000 0.678035 0.105000 0.106412
0 0.495000 0.594816 0.102500 0.081855
0 0.057500 0.435198 0.095000 0.095498
0 0.706875 0.495225 0.086250 0.090041
0 0.511250 0.864939 0.085000 0.128240
0 0.301250 0.462483 0.075000 0.092769
0 0.230625 0.329468 0.093750 0.088677
0 0.735000 0.321965 0.067500 0.076398
0 0.346875 0.235334 0.073750 0.102319
0 0.341250 0.143247 0.070000 0.065484
0 0.379375 0.349932 0.086250 0.069577
0 0.719375 0.247613 0.071250 0.083220
0 0.448750 0.143929 0.087500 0.069577
0 0.640625 0.172578 0.088750 0.075034
0 0.350625 0.045703 0.096250 0.088677
0 0.601875 0.248977 0.071250 0.069577
0 0.151250 0.376535 0.092500 0.103683
