0 0.168056 0.604167 0.319444 0.243750
0 0.083333 0.839063 0.163889 0.321875
0 0.582639 0.885417 0.279167 0.229167
0 0.693750 0.704167 0.276389 0.206250
0 0.223611 0.466667 0.175000 0.114583
0 0.662500 0.518229 0.238889 0.169792
0 0.359722 0.413021 0.197222 0.096875
0 0.836806 0.918750 0.276389 0.162500
0 0.890972 0.482292 0.134722 0.093750
0 0.864583 0.342708 0.140278 0.093750
0 0.191667 0.238542 0.130556 0.110417
0 0.083333 0.398438 0.163889 0.119792
0 0.895139 0.703125 0.201389 0.195833
0 0.423611 0.555208 0.200000 0.152083
0 0.381944 0.275000 0.119444 0.104167
0 0.274306 0.223958 0.106944 0.097917
0 0.236111 0.375521 0.136111 0.084375
0 0.059722 0.266667 0.116667 0.110417
0 0.106944 0.167708 0.091667 0.085417
0 0.184028 0.128646 0.081944 0.059375
0 0.555556 0.214583 0.119444 0.070833
0 0.501389 0.345313 0.127778 0.098958
0 0.491667 0.691667 0.202778 0.202083
0 0.189583 0.926562 0.376389 0.146875
0 0.499306 0.174479 0.084722 0.069792
0 0.304167 0.166146 0.083333 0.061458
0 0.721528 0.437500 0.106944 0.083333
0 0.602083 0.443750 0.156944 0.095833
0 0.361806 0.165104 0.084722 0.055208
0 0.840972 0.262500 0.120833 0.093750
0 0.756944 0.379167 0.130556 0.093750
0 0.696528 0.325000 0.109722 0.079167
0 0.744444 0.265625 0.091667 0.058333
0 0.942361 0.315104 0.109722 0.073958
0 0.343750 0.880208 0.220833 0.220833
