0 0.321354 0.446528 0.255208 0.395833
0 0.101042 0.524306 0.200000 0.323611
0 0.541146 0.529861 0.194792 0.293056
0 0.787500 0.586806 0.243750 0.331944
0 0.277604 0.863194 0.301042 0.273611
0 0.183333 0.243750 0.175000 0.240278
0 0.043229 0.243056 0.084375 0.216667
0 0.547396 0.861111 0.261458 0.277778
0 0.700000 0.790972 0.189583 0.268056
0 0.926562 0.893750 0.146875 0.212500
0 0.603646 0.325694 0.180208 0.220833
0 0.800000 0.231944 0.210417 0.252778
0 0.313021 0.220139 0.140625 0.145833
0 0.243229 0.131250 0.144792 0.140278
0 0.357812 0.123611 0.113542 0.152778
0 0.641146 0.123611 0.153125 0.202778
0 0.467187 0.136806 0.111458 0.140278
0 0.155208 0.056250 0.129167 0.109722
0 0.855208 0.043750 0.072917 0.084722
0 0.516667 0.190278 0.108333 0.161111
0 0.946354 0.652083 0.103125 0.293056
0 0.405208 0.047222 0.091667 0.091667
0 0.058854 0.802083 0.115625 0.265278
