0 0.352083 0.821296 0.118750 0.220370
0 0.086979 0.584259 0.134375 0.250000
0 0.067187 0.773148 0.123958 0.227778
0 0.256250 0.591667 0.097917 0.153704
0 0.226562 0.755556 0.103125 0.181481
0 0.183333 0.519444 0.122917 0.209259
0 0.388542 0.481481 0.077083 0.148148
0 0.435417 0.425000 0.052083 0.146296
0 0.395313 0.680556 0.119792 0.179630
0 0.501563 0.599074 0.080208 0.164815
0 0.529167 0.376852 0.081250 0.135185
0 0.427604 0.300926 0.080208 0.127778
0 0.555208 0.250926 0.077083 0.131481
0 0.618229 0.237037 0.076042 0.133333
0 0.668750 0.265741 0.072917 0.127778
0 0.671875 0.387963 0.081250 0.164815
0 0.641667 0.574074 0.085417 0.181481
0 0.719792 0.544444 0.095833 0.162963
0 0.152083 0.331481 0.077083 0.133333
0 0.223958 0.275000 0.079167 0.135185
0 0.229167 0.391667 0.077083 0.131481
0 0.323958 0.470370 0.072917 0.125926
0 0.365625 0.282407 0.066667 0.120370
0 0.469271 0.792593 0.078125 0.170370
0 0.551042 0.797222 0.079167 0.150000
0 0.739062 0.261111 0.073958 0.140741
0 0.782292 0.726852 0.089583 0.153704
0 0.656771 0.789815 0.082292 0.161111
0 0.885938 0.707407 0.094792 0.174074
0 0.830729 0.811111 0.088542 0.170370
0 0.823958 0.301852 0.060417 0.118519
0 0.733854 0.143519 0.078125 0.127778
0 0.831250 0.183333 0.072917 0.118519
0 0.898438 0.303704 0.069792 0.148148
0 0.954167 0.255556 0.077083 0.140741
0 0.720833 0.808333 0.077083 0.153704
0 0.334375 0.351852 0.047917 0.114815
0 0.267708 0.304630 0.056250 0.112963
