0 0.067187 0.836806 0.132292 0.270833
0 0.264062 0.771528 0.182292 0.229167
0 0.169792 0.525694 0.156250 0.198611
0 0.048438 0.532639 0.094792 0.173611
0 0.319271 0.511111 0.144792 0.158333
0 0.373437 0.886806 0.178125 0.226389
0 0.487500 0.654861 0.172917 0.190278
0 0.396354 0.444444 0.103125 0.136111
0 0.120833 0.411111 0.125000 0.136111
0 0.070312 0.298611 0.138542 0.144444
0 0.145833 0.233333 0.120833 0.138889
0 0.200000 0.355556 0.100000 0.130556
0 0.303125 0.368056 0.095833 0.113889
0 0.343750 0.279861 0.089583 0.120833
0 0.425521 0.365972 0.107292 0.112500
0 0.599479 0.341667 0.101042 0.138889
0 0.590104 0.591667 0.123958 0.158333
0 0.695833 0.331250 0.097917 0.134722
0 0.656250 0.213889 0.100000 0.136111
0 0.740104 0.256250 0.082292 0.123611
0 0.250521 0.195833 0.092708 0.127778
0 0.123958 0.146528 0.110417 0.151389
0 0.210417 0.098611 0.087500 0.122222
0 0.406250 0.098611 0.091667 0.130556
0 0.495833 0.128472 0.089583 0.140278
0 0.271354 0.050000 0.092708 0.097222
0 0.828646 0.334722 0.063542 0.125000
0 0.743229 0.632639 0.132292 0.159722
0 0.659896 0.545833 0.115625 0.144444
0 0.652083 0.830556 0.143750 0.211111
0 0.490625 0.840278 0.158333 0.227778
0 0.880208 0.920833 0.145833 0.158333
0 0.730729 0.859028 0.086458 0.148611
0 0.816667 0.830556 0.112500 0.133333
0 0.940104 0.666667 0.103125 0.144444
0 0.906771 0.538889 0.115625 0.144444
0 0.910937 0.388889 0.090625 0.105556
0 0.973958 0.348611 0.052083 0.119444
0 0.955208 0.263194 0.072917 0.109722
0 0.608854 0.155556 0.090625 0.133333
0 0.869271 0.298611 0.071875 0.113889
0 0.615625 0.072917 0.075000 0.084722
0 0.707292 0.143750 0.087500 0.115278
0 0.704167 0.953472 0.120833 0.090278
0 0.464062 0.537500 0.126042 0.116667
0 0.779687 0.459722 0.105208 0.133333
0 0.843750 0.133333 0.070833 0.088889
0 0.960938 0.893750 0.073958 0.168056
0 0.072917 0.663889 0.120833 0.136111
0 0.726042 0.090278 0.095833 0.097222
0 0.659375 0.692361 0.116667 0.140278
0 0.577083 0.463194 0.083333 0.095833
0 0.485417 0.459028 0.081250 0.084722
