0 0.635605 0.339461 0.080668 0.149510
0 0.561196 0.550245 0.073713 0.125000
0 0.629346 0.535539 0.070932 0.139706
0 0.534771 0.453431 0.070932 0.166667
0 0.641864 0.444853 0.070932 0.125000
0 0.574409 0.351716 0.069541 0.139706
0 0.670376 0.231618 0.083449 0.149510
0 0.706537 0.355392 0.077886 0.161765
0 0.611961 0.655637 0.089013 0.149510
0 0.460362 0.818627 0.094576 0.132353
0 0.449930 0.696078 0.095967 0.142157
0 0.580668 0.772059 0.082058 0.142157
0 0.529207 0.672794 0.076495 0.139706
0 0.485396 0.578431 0.077886 0.147059
0 0.676634 0.677696 0.070932 0.144608
0 0.648122 0.778186 0.080668 0.129902
0 0.520167 0.879902 0.080668 0.142157
0 0.599444 0.900735 0.086231 0.144608
0 0.593880 0.237745 0.075104 0.137255
0 0.545202 0.234069 0.066759 0.154412
0 0.608484 0.145833 0.076495 0.139706
0 0.684979 0.127451 0.073713 0.151961
0 0.566064 0.096814 0.069541 0.129902
0 0.630737 0.049020 0.073713 0.093137
0 0.715577 0.591912 0.070932 0.129902
0 0.763561 0.675245 0.080668 0.139706
0 0.825452 0.727941 0.068150 0.132353
0 0.874131 0.648284 0.084840 0.144608
0 0.805285 0.568627 0.080668 0.151961
0 0.926982 0.680147 0.059805 0.120098
0 0.956189 0.542892 0.065369 0.125000
0 0.892907 0.436275 0.069541 0.122549
0 0.885953 0.348039 0.075104 0.122549
0 0.757997 0.529412 0.075104 0.137255
0 0.738526 0.264706 0.063978 0.122549
0 0.742003 0.181373 0.059805 0.102941
0 0.828929 0.917892 0.061196 0.115196
0 0.905424 0.949755 0.072323 0.095588
0 0.872740 0.970588 0.057024 0.058824
0 0.470097 0.931373 0.063978 0.122549
0 0.257302 0.123775 0.069541 0.144608
0 0.319193 0.154412 0.057024 0.127451
0 0.209318 0.207108 0.076495 0.125000
0 0.226008 0.321078 0.068150 0.137255
0 0.282337 0.357843 0.075104 0.122549
0 0.157163 0.321078 0.072323 0.137255
0 0.120306 0.414216 0.070932 0.122549
0 0.147427 0.209559 0.066759 0.134804
0 0.194019 0.123775 0.065369 0.115196
0 0.105007 0.286765 0.062587 0.107843
0 0.178720 0.469363 0.068150 0.125000
0 0.336579 0.370098 0.055633 0.112745
0 0.343533 0.264706 0.061196 0.112745
0 0.283727 0.235294 0.075104 0.142157
0 0.301113 0.078431 0.054242 0.102941
0 0.815716 0.394608 0.065369 0.093137
0 0.235744 0.655637 0.082058 0.149510
0 0.267733 0.567402 0.079277 0.115196
0 0.343533 0.590686 0.058414 0.117647
0 0.395688 0.616422 0.065369 0.105392
0 0.296245 0.742647 0.077886 0.142157
0 0.169680 0.724265 0.080668 0.149510
0 0.113352 0.805147 0.079277 0.149510
0 0.196106 0.852941 0.077886 0.142157
0 0.273992 0.861520 0.086231 0.139706
0 0.112656 0.905637 0.069541 0.139706
0 0.228095 0.942402 0.063978 0.095588
0 0.351878 0.700980 0.072323 0.132353
0 0.951321 0.444853 0.066759 0.115196
0 0.085535 0.759804 0.057024 0.122549
0 0.059805 0.867647 0.055633 0.107843
0 0.173853 0.599265 0.080668 0.110294
