0 0.226389 0.568881 0.161111 0.276753
0 0.257639 0.803198 0.176389 0.295203
0 0.093403 0.862239 0.185417 0.275523
0 0.049653 0.660517 0.097917 0.228782
0 0.035069 0.452645 0.068750 0.189422
0 0.260069 0.441574 0.120139 0.233702
0 0.401736 0.581181 0.134028 0.234932
0 0.527083 0.633456 0.133333 0.248462
0 0.517361 0.857319 0.136111 0.231242
0 0.639236 0.781058 0.139583 0.236162
0 0.710417 0.875769 0.143056 0.248462
0 0.647569 0.561501 0.146528 0.257073
0 0.545833 0.397909 0.137500 0.284133
0 0.711806 0.357319 0.169444 0.259533
0 0.609375 0.183272 0.120139 0.277983
0 0.462847 0.205412 0.138194 0.282903
0 0.730208 0.156212 0.120139 0.243542
0 0.841319 0.440344 0.107639 0.204182
0 0.885764 0.283518 0.111806 0.193112
0 0.821528 0.849938 0.143056 0.216482
0 0.769792 0.655597 0.135417 0.199262
0 0.744444 0.591021 0.125000 0.239852
0 0.138194 0.351169 0.102778 0.158672
0 0.222569 0.278598 0.118750 0.178352
0 0.435069 0.424354 0.096528 0.172202
0 0.380556 0.345633 0.056944 0.167282
