0 0.733333 0.854167 0.172222 0.155556
0 0.732639 0.609028 0.140278 0.154167
0 0.784722 0.743056 0.144444 0.152778
0 0.931944 0.835417 0.136111 0.176389
0 0.618056 0.929167 0.127778 0.141667
0 0.560417 0.841667 0.118056 0.133333
0 0.657639 0.795833 0.126389 0.144444
0 0.395833 0.840972 0.100000 0.104167
0 0.941667 0.633333 0.116667 0.111111
0 0.486806 0.801389 0.087500 0.116667
0 0.327083 0.867361 0.087500 0.095833
0 0.360417 0.779167 0.079167 0.102778
0 0.443056 0.758333 0.086111 0.105556
0 0.375694 0.702778 0.076389 0.080556
0 0.606250 0.668750 0.112500 0.129167
0 0.561111 0.722917 0.088889 0.104167
0 0.662500 0.523611 0.138889 0.125000
0 0.799306 0.509722 0.112500 0.108333
0 0.339583 0.641667 0.087500 0.091667
0 0.281944 0.672222 0.080556 0.086111
0 0.411111 0.546528 0.097222 0.098611
0 0.499306 0.552778 0.090278 0.100000
0 0.575694 0.509028 0.095833 0.129167
0 0.670139 0.447917 0.123611 0.087500
0 0.482639 0.440278 0.104167 0.100000
0 0.363889 0.479861 0.083333 0.093056
0 0.263194 0.581944 0.076389 0.088889
0 0.328472 0.566667 0.070833 0.077778
0 0.796528 0.427083 0.104167 0.093056
0 0.965278 0.507639 0.069444 0.106944
0 0.952778 0.430556 0.094444 0.097222
0 0.900694 0.379167 0.087500 0.097222
0 0.573611 0.359722 0.100000 0.094444
0 0.838889 0.297222 0.080556 0.088889
0 0.973611 0.356944 0.052778 0.075000
0 0.290972 0.447917 0.087500 0.084722
0 0.280556 0.507639 0.077778 0.076389
0 0.343056 0.389583 0.091667 0.095833
0 0.415972 0.406944 0.076389 0.083333
0 0.468056 0.333333 0.100000 0.069444
0 0.309028 0.307639 0.084722 0.087500
0 0.387500 0.332639 0.083333 0.081944
0 0.650000 0.346528 0.097222 0.079167
0 0.272222 0.367361 0.063889 0.065278
0 0.702083 0.180556 0.065278 0.069444
0 0.373611 0.231944 0.080556 0.080556
0 0.518750 0.686111 0.081944 0.105556
0 0.420139 0.637500 0.065278 0.083333
0 0.486111 0.627083 0.080556 0.079167
0 0.250000 0.240278 0.061111 0.061111
0 0.230556 0.298611 0.050000 0.061111
0 0.173611 0.366667 0.047222 0.052778
0 0.325000 0.197222 0.050000 0.050000
0 0.466667 0.284028 0.094444 0.054167
0 0.545833 0.292361 0.075000 0.054167
0 0.602778 0.270139 0.063889 0.051389
0 0.563889 0.221528 0.072222 0.070833
0 0.763889 0.332639 0.063889 0.062500
0 0.765278 0.256944 0.052778 0.055556
0 0.153472 0.417361 0.043056 0.043056
0 0.226389 0.367361 0.038889 0.065278
0 0.345139 0.152083 0.045833 0.048611
0 0.306944 0.144444 0.041667 0.036111
0 0.159028 0.290278 0.048611 0.058333
0 0.190972 0.300000 0.045833 0.061111
0 0.113194 0.307639 0.031944 0.037500
0 0.213194 0.481250 0.045833 0.048611
0 0.224306 0.518056 0.034722 0.061111
0 0.195139 0.234722 0.054167 0.050000
0 0.438889 0.120833 0.038889 0.041667
0 0.138889 0.365972 0.036111 0.048611
0 0.121528 0.118056 0.037500 0.038889
0 0.188889 0.164583 0.041667 0.040278
0 0.231250 0.145833 0.037500 0.038889
0 0.418750 0.093056 0.031944 0.030556
0 0.429861 0.902778 0.101389 0.105556
0 0.518750 0.902083 0.079167 0.081944
0 0.209028 0.433333 0.031944 0.047222
0 0.245139 0.443750 0.048611 0.070833
0 0.768750 0.192361 0.043056 0.034722
0 0.800694 0.169444 0.045833 0.041667
0 0.691667 0.115972 0.025000 0.026389
0 0.474306 0.158333 0.029167 0.027778
0 0.358333 0.110417 0.038889 0.031944
0 0.125000 0.205556 0.033333 0.036111
0 0.151389 0.184028 0.044444 0.040278
0 0.284722 0.204861 0.036111 0.031944
0 0.308333 0.251389 0.055556 0.047222
0 0.252083 0.131250 0.037500 0.034722
0 0.194444 0.136806 0.030556 0.029167
0 0.447222 0.169444 0.036111 0.033333
0 0.477083 0.100694 0.040278 0.031944
0 0.148611 0.152083 0.044444 0.040278
0 0.115278 0.268056 0.038889 0.041667
0 0.096528 0.229861 0.037500 0.040278
0 0.093056 0.126389 0.030556 0.030556
0 0.110417 0.093750 0.034722 0.029167
0 0.812500 0.370833 0.100000 0.050000
