0 0.732778 0.872083 0.105556 0.099167
0 0.649444 0.787917 0.107778 0.112500
0 0.745000 0.966250 0.123333 0.067500
0 0.447222 0.851667 0.112222 0.080000
0 0.444444 0.798333 0.115556 0.068333
0 0.346667 0.749583 0.080000 0.072500
0 0.342222 0.684167 0.084444 0.068333
0 0.421667 0.680000 0.078889 0.065000
0 0.460000 0.606250 0.091111 0.064167
0 0.579444 0.861667 0.101111 0.076667
0 0.562778 0.802917 0.090000 0.072500
0 0.542778 0.735833 0.092222 0.075000
0 0.684444 0.661667 0.111111 0.086667
0 0.570556 0.652083 0.094444 0.072500
0 0.533889 0.568750 0.090000 0.072500
0 0.327222 0.601250 0.090000 0.060833
0 0.240556 0.588750 0.096667 0.067500
0 0.176111 0.637917 0.076667 0.059167
0 0.272778 0.712500 0.096667 0.063333
0 0.284444 0.763750 0.082222 0.059167
0 0.766667 0.783333 0.120000 0.075000
0 0.833333 0.845833 0.131111 0.081667
0 0.941667 0.934583 0.116667 0.092500
0 0.974444 0.862500 0.046667 0.083333
0 0.927222 0.807917 0.116667 0.084167
0 0.900556 0.737500 0.103333 0.075000
0 0.809444 0.713750 0.090000 0.074167
0 0.882222 0.640833 0.097778 0.073333
0 0.341111 0.545417 0.086667 0.065833
0 0.396667 0.507500 0.075556 0.065000
0 0.441667 0.489167 0.085556 0.065000
0 0.511667 0.451250 0.081111 0.064167
0 0.553333 0.486667 0.075556 0.058333
0 0.618333 0.456250 0.094444 0.060833
0 0.593333 0.537917 0.093333 0.054167
0 0.603889 0.587083 0.081111 0.062500
0 0.691667 0.508333 0.092222 0.061667
0 0.721111 0.450833 0.088889 0.063333
0 0.810556 0.457500 0.085556 0.066667
0 0.898889 0.429167 0.108889 0.066667
0 0.846111 0.535000 0.098889 0.066667
0 0.793333 0.567083 0.097778 0.070833
0 0.697778 0.575833 0.095556 0.076667
0 0.372222 0.620833 0.075556 0.076667
0 0.412778 0.739167 0.065556 0.060000
0 0.161111 0.567083 0.071111 0.072500
0 0.095556 0.568333 0.073333 0.053333
0 0.130000 0.609583 0.073333 0.054167
0 0.116667 0.523750 0.077778 0.062500
0 0.141667 0.490417 0.072222 0.067500
0 0.202222 0.489167 0.066667 0.053333
0 0.267222 0.442917 0.085556 0.064167
0 0.261111 0.541667 0.071111 0.055000
0 0.318333 0.506667 0.067778 0.055000
0 0.375556 0.448750 0.077778 0.062500
0 0.437778 0.423750 0.084444 0.065833
0 0.643333 0.389583 0.080000 0.055833
0 0.759444 0.402083 0.087778 0.065833
0 0.812778 0.362917 0.081111 0.060833
0 0.868333 0.330833 0.085556 0.061667
0 0.929444 0.601667 0.103333 0.068333
0 0.894444 0.518750 0.073333 0.059167
0 0.975556 0.502083 0.048889 0.067500
0 0.945556 0.454583 0.071111 0.064167
0 0.286667 0.390417 0.075556 0.057500
0 0.179444 0.361667 0.074444 0.063333
0 0.150556 0.410000 0.083333 0.051667
0 0.248333 0.349167 0.067778 0.060000
0 0.196111 0.437917 0.065556 0.054167
0 0.312222 0.465417 0.060000 0.052500
0 0.420556 0.359583 0.076667 0.057500
0 0.499444 0.379167 0.081111 0.063333
0 0.565000 0.394167 0.072222 0.055000
0 0.625000 0.358750 0.074444 0.055833
0 0.974444 0.564167 0.051111 0.063333
0 0.783889 0.329167 0.081111 0.060000
0 0.966667 0.335000 0.066667 0.056667
0 0.907222 0.394583 0.092222 0.045833
0 0.588889 0.247917 0.064444 0.044167
0 0.602778 0.287083 0.061111 0.045833
0 0.647778 0.257083 0.057778 0.040833
0 0.643333 0.334167 0.066667 0.045000
0 0.756667 0.273333 0.080000 0.058333
0 0.831111 0.290000 0.077778 0.055000
0 0.900000 0.252917 0.084444 0.059167
0 0.828333 0.232500 0.078889 0.066667
0 0.971111 0.290833 0.057778 0.050000
0 0.337778 0.308333 0.060000 0.048333
0 0.307778 0.331250 0.073333 0.054167
0 0.206667 0.281667 0.060000 0.045000
0 0.289444 0.258750 0.063333 0.052500
0 0.355000 0.252083 0.065556 0.055833
0 0.388333 0.290417 0.056667 0.049167
0 0.342778 0.371667 0.056667 0.046667
0 0.450000 0.329167 0.068889 0.055000
0 0.338333 0.214167 0.045556 0.036667
0 0.372778 0.188333 0.045556 0.038333
0 0.217222 0.255417 0.054444 0.035833
0 0.226111 0.223333 0.054444 0.038333
0 0.382222 0.223750 0.044444 0.037500
0 0.312778 0.200000 0.047778 0.035000
0 0.443889 0.274583 0.045556 0.040833
0 0.476667 0.265417 0.044444 0.032500
0 0.473889 0.236667 0.047778 0.031667
0 0.587222 0.206667 0.034444 0.026667
0 0.655556 0.209167 0.031111 0.026667
0 0.712778 0.292083 0.054444 0.050833
0 0.722778 0.361250 0.074444 0.047500
0 0.975000 0.400000 0.050000 0.053333
0 0.503889 0.285417 0.052222 0.039167
0 0.555000 0.305833 0.063333 0.040000
0 0.517222 0.345000 0.063333 0.036667
