0 0.288021 0.856250 0.242708 0.287500
0 0.059896 0.677778 0.117708 0.261111
0 0.206771 0.638194 0.190625 0.237500
0 0.103125 0.845139 0.179167 0.240278
0 0.057292 0.468056 0.112500 0.211111
0 0.166146 0.442361 0.165625 0.215278
0 0.310937 0.358333 0.161458 0.200000
0 0.328646 0.550694 0.163542 0.198611
0 0.417708 0.688889 0.166667 0.258333
0 0.565104 0.563194 0.176042 0.243056
0 0.535417 0.834722 0.202083 0.263889
0 0.659896 0.779167 0.134375 0.205556
0 0.721875 0.563194 0.152083 0.204167
0 0.858333 0.661111 0.175000 0.225000
0 0.776042 0.795833 0.137500 0.191667
0 0.925521 0.873611 0.148958 0.252778
0 0.821354 0.940278 0.161458 0.116667
0 0.484896 0.410417 0.215625 0.248611
0 0.727604 0.366667 0.161458 0.205556
0 0.855729 0.515278 0.155208 0.177778
0 0.970833 0.550694 0.058333 0.209722
0 0.089063 0.259028 0.157292 0.204167
0 0.902604 0.335417 0.132292 0.179167
0 0.968750 0.354167 0.062500 0.197222
0 0.270833 0.283333 0.133333 0.175000
0 0.596354 0.340278 0.103125 0.150000
0 0.439583 0.150694 0.077083 0.093056
0 0.276562 0.100000 0.061458 0.094444
0 0.214583 0.100694 0.058333 0.084722
0 0.559896 0.211806 0.092708 0.115278
0 0.759375 0.096528 0.066667 0.079167
0 0.938542 0.204167 0.087500 0.122222
0 0.877083 0.189583 0.062500 0.076389
0 0.769271 0.194444 0.059375 0.075000
0 0.671354 0.159722 0.059375 0.075000
0 0.614583 0.243750 0.072917 0.068056
0 0.290625 0.050000 0.066667 0.086111
0 0.321354 0.156250 0.067708 0.081944
0 0.604688 0.160417 0.061458 0.084722
0 0.221354 0.170833 0.084375 0.077778
0 0.467708 0.280556 0.116667 0.077778
0 0.342187 0.083333 0.057292 0.086111
0 0.376042 0.155556 0.056250 0.080556
0 0.160417 0.087500 0.045833 0.061111
0 0.173958 0.040278 0.043750 0.058333
0 0.227604 0.040972 0.059375 0.056944
0 0.667188 0.038889 0.038542 0.050000
