0 0.563333 0.696667 0.146667 0.153333
0 0.480000 0.608333 0.140000 0.123333
0 0.710000 0.648333 0.146667 0.150000
0 0.723333 0.520000 0.153333 0.160000
0 0.673333 0.411667 0.126667 0.176667
0 0.486667 0.510000 0.126667 0.113333
0 0.511667 0.821667 0.110000 0.150000
0 0.625000 0.853333 0.156667 0.173333
0 0.760000 0.785000 0.153333 0.156667
0 0.811667 0.858333 0.163333 0.136667
0 0.861667 0.696667 0.156667 0.146667
0 0.811667 0.590000 0.110000 0.093333
0 0.771667 0.391667 0.110000 0.110000
0 0.128333 0.333333 0.123333 0.153333
0 0.231667 0.345000 0.103333 0.116667
0 0.041667 0.358333 0.076667 0.116667
0 0.051667 0.240000 0.096667 0.133333
0 0.135000 0.186667 0.110000 0.126667
0 0.235000 0.226667 0.096667 0.120000
0 0.908333 0.128333 0.116667 0.130000
0 0.126667 0.110000 0.106667 0.106667
0 0.061667 0.465000 0.096667 0.090000
0 0.808333 0.170000 0.083333 0.093333
0 0.790000 0.083333 0.093333 0.106667
0 0.331667 0.206667 0.116667 0.080000
0 0.295000 0.066667 0.076667 0.120000
0 0.631667 0.075000 0.096667 0.083333
0 0.118333 0.550000 0.083333 0.100000
0 0.046667 0.531667 0.086667 0.083333
0 0.181667 0.411667 0.090000 0.076667
0 0.168333 0.505000 0.076667 0.096667
