0 0.146667 0.722667 0.123333 0.186667
0 0.261667 0.662667 0.126667 0.178667
0 0.190833 0.525333 0.121667 0.186667
0 0.291667 0.413333 0.123333 0.176000
0 0.192500 0.381333 0.105000 0.133333
0 0.203333 0.248000 0.096667 0.170667
0 0.189167 0.092000 0.098333 0.168000
0 0.287500 0.146667 0.105000 0.160000
0 0.322500 0.280000 0.108333 0.170667
0 0.429167 0.305333 0.111667 0.194667
0 0.393333 0.460000 0.123333 0.173333
0 0.463333 0.873333 0.113333 0.168000
0 0.080000 0.644000 0.123333 0.184000
0 0.100833 0.446667 0.101667 0.162667
0 0.126667 0.196000 0.096667 0.152000
0 0.231667 0.826667 0.116667 0.181333
0 0.375000 0.873333 0.106667 0.168000
0 0.379167 0.740000 0.095000 0.136000
0 0.467500 0.726667 0.125000 0.194667
0 0.519167 0.553333 0.118333 0.178667
0 0.505000 0.406667 0.110000 0.152000
0 0.603333 0.352000 0.113333 0.170667
0 0.542500 0.157333 0.105000 0.160000
0 0.455000 0.114667 0.090000 0.144000
0 0.677500 0.248000 0.121667 0.165333
0 0.828333 0.257333 0.103333 0.168000
0 0.927500 0.324000 0.111667 0.168000
0 0.707500 0.404000 0.111667 0.152000
0 0.779167 0.397333 0.095000 0.170667
0 0.788333 0.586667 0.113333 0.176000
0 0.831667 0.504000 0.096667 0.154667
0 0.862500 0.700000 0.118333 0.173333
0 0.909167 0.622667 0.125000 0.162667
0 0.935833 0.484000 0.105000 0.146667
0 0.566667 0.713333 0.116667 0.189333
0 0.724167 0.856000 0.105000 0.181333
0 0.651667 0.705333 0.133333 0.194667
0 0.760000 0.753333 0.096667 0.162667
0 0.823333 0.926667 0.136667 0.146667
0 0.851667 0.092000 0.096667 0.168000
0 0.078333 0.922667 0.076667 0.154667
0 0.135833 0.837333 0.088333 0.122667
0 0.240000 0.952000 0.126667 0.096000
0 0.505000 0.050667 0.103333 0.096000
0 0.133333 0.320000 0.060000 0.128000
0 0.625000 0.517333 0.096667 0.154667
