0 0.236332 0.289412 0.215168 0.282353
0 0.415344 0.450588 0.192240 0.280000
0 0.532628 0.215294 0.190476 0.280000
0 0.757496 0.262353 0.192240 0.251765
0 0.236332 0.551765 0.201058 0.223529
0 0.052028 0.552941 0.100529 0.230588
0 0.161376 0.881176 0.185185 0.237647
0 0.389771 0.892941 0.183422 0.214118
0 0.507937 0.767059 0.155203 0.207059
0 0.686067 0.691765 0.190476 0.287059
0 0.879189 0.757647 0.202822 0.277647
0 0.954145 0.656471 0.091711 0.202353
0 0.521164 0.562353 0.142857 0.160000
0 0.067901 0.092941 0.132275 0.181176
0 0.078483 0.320000 0.139330 0.174118
0 0.272487 0.082353 0.199295 0.160000
0 0.733686 0.040000 0.162257 0.075294
0 0.934744 0.147059 0.123457 0.148235
0 0.561728 0.395294 0.135802 0.192941
0 0.370370 0.684706 0.148148 0.183529
0 0.050265 0.804706 0.097002 0.178824
