0 0.072396 0.569444 0.142708 0.238889
0 0.065625 0.737963 0.127083 0.209259
0 0.224479 0.747222 0.103125 0.179630
0 0.340104 0.885185 0.117708 0.211111
0 0.244271 0.581481 0.096875 0.166667
0 0.168750 0.475926 0.127083 0.211111
0 0.131771 0.269444 0.088542 0.142593
0 0.217708 0.329630 0.083333 0.133333
0 0.198958 0.223148 0.081250 0.124074
0 0.319271 0.438889 0.082292 0.133333
0 0.298438 0.367593 0.078125 0.146296
0 0.386979 0.705556 0.119792 0.185185
0 0.380208 0.515741 0.083333 0.157407
0 0.332813 0.554630 0.076042 0.161111
0 0.435417 0.413889 0.085417 0.138889
0 0.425521 0.559259 0.071875 0.148148
0 0.494792 0.612037 0.083333 0.161111
0 0.639583 0.821296 0.085417 0.157407
0 0.635417 0.658333 0.089583 0.190741
0 0.720833 0.617593 0.089583 0.161111
0 0.607812 0.531481 0.080208 0.155556
0 0.680729 0.410185 0.088542 0.164815
0 0.448437 0.356481 0.082292 0.153704
0 0.382292 0.362037 0.068750 0.120370
0 0.528646 0.314815 0.086458 0.151852
0 0.684896 0.216667 0.080208 0.140741
0 0.761458 0.207407 0.081250 0.148148
0 0.565104 0.179630 0.084375 0.166667
0 0.331250 0.235185 0.060417 0.114815
0 0.359375 0.186111 0.066667 0.138889
0 0.425521 0.224074 0.086458 0.148148
0 0.633333 0.150000 0.091667 0.140741
0 0.769271 0.072222 0.088542 0.137037
0 0.867188 0.175000 0.086458 0.157407
0 0.853646 0.295370 0.073958 0.131481
0 0.928646 0.312037 0.071875 0.157407
0 0.973958 0.202778 0.052083 0.161111
0 0.537500 0.790741 0.075000 0.144444
0 0.462500 0.784259 0.077083 0.146296
0 0.771354 0.763889 0.088542 0.157407
0 0.875000 0.762037 0.087500 0.175926
0 0.807813 0.832407 0.086458 0.150000
0 0.702604 0.824074 0.073958 0.151852
