0 0.528470 0.848754 0.167260 0.188612
0 0.539146 0.688612 0.174377 0.188612
0 0.377224 0.676157 0.170819 0.156584
0 0.711744 0.681495 0.185053 0.174377
0 0.471530 0.546263 0.153025 0.167260
0 0.430605 0.421708 0.156584 0.174377
0 0.067616 0.186833 0.128114 0.153025
0 0.197509 0.193950 0.145907 0.153025
0 0.133452 0.316726 0.117438 0.142349
0 0.060498 0.076512 0.113879 0.117438
0 0.186833 0.065836 0.117438 0.117438
0 0.300712 0.144128 0.110320 0.138790
0 0.268683 0.268683 0.138790 0.131673
0 0.113879 0.517794 0.149466 0.153025
0 0.539146 0.234875 0.103203 0.149466
0 0.624555 0.555160 0.153025 0.156584
0 0.674377 0.451957 0.145907 0.177936
0 0.800712 0.311388 0.156584 0.160142
0 0.816726 0.167260 0.160142 0.170819
0 0.663701 0.199288 0.167260 0.163701
0 0.638790 0.067616 0.138790 0.128114
0 0.779359 0.056940 0.149466 0.106762
0 0.912811 0.085409 0.131673 0.142349
0 0.932384 0.225979 0.120996 0.145907
0 0.777580 0.596085 0.153025 0.138790
0 0.674377 0.800712 0.153025 0.163701
0 0.816726 0.759786 0.131673 0.131673
0 0.900356 0.645907 0.135231 0.160142
0 0.313167 0.451957 0.113879 0.120996
0 0.325623 0.564057 0.145907 0.145907
0 0.564057 0.103203 0.088968 0.113879
0 0.469751 0.081851 0.120996 0.135231
0 0.240214 0.718861 0.124555 0.120996
0 0.377224 0.791815 0.156584 0.138790
0 0.629893 0.939502 0.149466 0.106762
