0 0.290000 0.821203 0.200000 0.108650
0 0.089167 0.819620 0.141667 0.092827
0 0.070833 0.672468 0.138333 0.095992
0 0.155833 0.719409 0.108333 0.084388
0 0.274167 0.710443 0.131667 0.079114
0 0.407500 0.697257 0.171667 0.116034
0 0.540000 0.802743 0.166667 0.097046
0 0.517500 0.899262 0.171667 0.117089
0 0.374167 0.934599 0.195000 0.128692
0 0.696667 0.774789 0.200000 0.117089
0 0.875833 0.840717 0.205000 0.111814
0 0.642500 0.698312 0.145000 0.105485
0 0.805000 0.738397 0.166667 0.101266
0 0.737500 0.666139 0.138333 0.089662
0 0.869167 0.927215 0.188333 0.101266
0 0.650833 0.926688 0.148333 0.098101
0 0.739167 0.864979 0.151667 0.092827
0 0.129167 0.900844 0.121667 0.084388
0 0.864167 0.666667 0.141667 0.073840
0 0.313333 0.358122 0.126667 0.083333
0 0.045833 0.743671 0.088333 0.086498
0 0.933333 0.739451 0.133333 0.088608
0 0.056667 0.957806 0.110000 0.084388
0 0.170000 0.964662 0.136667 0.070675
0 0.243333 0.438291 0.136667 0.066456
0 0.250000 0.579641 0.113333 0.064346
0 0.170833 0.518460 0.068333 0.058017
0 0.311667 0.535865 0.096667 0.063291
0 0.434167 0.522679 0.098333 0.060127
0 0.472500 0.578586 0.091667 0.066456
0 0.516667 0.499473 0.093333 0.062236
0 0.631667 0.486287 0.100000 0.069620
0 0.425833 0.370781 0.115000 0.074895
0 0.405833 0.443565 0.111667 0.066456
0 0.389167 0.562236 0.091667 0.054852
0 0.670000 0.422996 0.110000 0.075949
0 0.577500 0.399789 0.095000 0.065401
0 0.513333 0.366034 0.093333 0.067511
0 0.418333 0.324367 0.110000 0.047468
0 0.517500 0.326477 0.101667 0.051688
0 0.710833 0.362342 0.078333 0.047468
0 0.723333 0.514241 0.093333 0.062236
0 0.518333 0.450949 0.073333 0.049578
0 0.375833 0.505274 0.065000 0.048523
0 0.540833 0.556962 0.098333 0.052743
0 0.735833 0.452004 0.068333 0.051688
0 0.170833 0.426160 0.078333 0.078059
0 0.250833 0.388186 0.111667 0.056962
0 0.598333 0.592300 0.070000 0.039030
0 0.376667 0.596519 0.080000 0.036920
0 0.811667 0.493143 0.060000 0.041139
0 0.836667 0.397152 0.060000 0.041139
0 0.480000 0.179852 0.180000 0.117089
0 0.652500 0.179325 0.191667 0.118143
0 0.500833 0.270042 0.175000 0.059072
0 0.673333 0.256857 0.173333 0.083333
0 0.375833 0.222046 0.158333 0.125527
0 0.389167 0.114451 0.145000 0.108650
0 0.545000 0.088608 0.183333 0.122363
0 0.690000 0.117089 0.130000 0.075949
0 0.464167 0.037447 0.155000 0.072785
0 0.642500 0.061709 0.115000 0.055907
0 0.262500 0.039030 0.095000 0.056962
