0 0.324851 0.744198 0.050892 0.083754
0 0.355585 0.811806 0.051553 0.089808
0 0.399207 0.802220 0.042300 0.084763
0 0.312624 0.799193 0.046266 0.076690
0 0.290152 0.724521 0.048909 0.074672
0 0.291143 0.661453 0.048249 0.065590
0 0.487112 0.835520 0.040978 0.072654
0 0.611368 0.833502 0.047588 0.082745
0 0.662921 0.852674 0.048909 0.068618
0 0.571051 0.920787 0.052875 0.075681
0 0.431262 0.955600 0.057502 0.082745
0 0.372769 0.962159 0.051553 0.075681
0 0.514210 0.925328 0.050231 0.070636
0 0.666226 0.939960 0.060806 0.069627
0 0.581626 0.861251 0.048909 0.071645
0 0.734303 0.885974 0.043622 0.084763
0 0.695307 0.876387 0.039656 0.073663
0 0.666887 0.787084 0.048909 0.064581
0 0.766028 0.816852 0.054197 0.061554
0 0.708196 0.751261 0.044283 0.071645
0 0.531725 0.860747 0.046927 0.054490
0 0.522802 0.807265 0.043622 0.056509
0 0.498678 0.770938 0.040317 0.054490
0 0.457700 0.773966 0.036352 0.050454
0 0.438863 0.829465 0.038334 0.058527
0 0.553536 0.695257 0.033708 0.058527
0 0.580965 0.668517 0.035691 0.055499
0 0.505618 0.726539 0.033047 0.056509
0 0.467944 0.745711 0.033047 0.044400
0 0.505288 0.690716 0.035030 0.043391
0 0.489755 0.671544 0.031725 0.049445
0 0.507601 0.622099 0.034369 0.053481
0 0.549240 0.637740 0.031725 0.054490
0 0.631196 0.607972 0.037013 0.061554
0 0.659617 0.686680 0.042300 0.055499
0 0.580635 0.807265 0.045605 0.070636
0 0.574356 0.764379 0.056841 0.051463
0 0.886980 0.870838 0.047588 0.076690
0 0.552875 0.974773 0.052214 0.050454
0 0.667548 0.640767 0.037013 0.056509
0 0.712492 0.692735 0.039656 0.057518
0 0.755453 0.681635 0.042300 0.059536
0 0.784865 0.699294 0.040317 0.058527
0 0.758757 0.778002 0.044944 0.054490
0 0.799075 0.744702 0.038334 0.068618
0 0.784865 0.643290 0.044283 0.061554
0 0.823529 0.635217 0.042300 0.053481
0 0.830139 0.685166 0.044944 0.056509
0 0.847654 0.738143 0.038995 0.059536
0 0.810972 0.805247 0.037013 0.064581
0 0.799075 0.590313 0.038334 0.060545
0 0.832122 0.582240 0.033047 0.062563
0 0.862194 0.559536 0.038995 0.063572
0 0.841044 0.515641 0.042961 0.058527
0 0.880370 0.518163 0.034369 0.061554
0 0.867482 0.478305 0.040317 0.062563
0 0.871117 0.440464 0.037013 0.049445
0 0.732320 0.562059 0.035691 0.048436
0 0.710839 0.629162 0.037673 0.057518
0 0.806675 0.478809 0.032386 0.047427
0 0.774620 0.498991 0.031725 0.043391
0 0.779247 0.549445 0.035691 0.053481
0 0.667878 0.639253 0.038995 0.055499
0 0.756114 0.870333 0.048909 0.069627
0 0.670522 0.516650 0.035030 0.046418
0 0.627561 0.556509 0.033708 0.045409
0 0.616986 0.512614 0.040317 0.058527
0 0.631196 0.475277 0.030403 0.044400
0 0.662260 0.492432 0.031725 0.040363
0 0.762062 0.480827 0.027759 0.033300
0 0.787508 0.463169 0.029742 0.038345
0 0.848976 0.408174 0.033708 0.049445
0 0.773629 0.440464 0.033708 0.049445
0 0.745539 0.467205 0.026438 0.046418
0 0.932915 0.870838 0.050892 0.076690
0 0.948447 0.806761 0.044944 0.069627
0 0.967944 0.863269 0.036352 0.057518
0 0.986781 0.820888 0.026438 0.061554
0 0.981494 0.761352 0.037013 0.061554
0 0.937872 0.742684 0.043622 0.062563
0 0.911104 0.786075 0.038995 0.064581
0 0.924983 0.709889 0.040317 0.067608
0 0.981494 0.674067 0.037013 0.066599
0 0.933906 0.634712 0.042300 0.058527
0 0.978189 0.625126 0.043622 0.057518
0 0.961005 0.578708 0.051553 0.059536
0 0.898215 0.563572 0.034369 0.055499
0 0.923662 0.538850 0.044283 0.058527
0 0.854594 0.664985 0.040978 0.044400
0 0.862525 0.631685 0.038334 0.040363
0 0.902842 0.622603 0.039656 0.042381
0 0.869465 0.783047 0.038995 0.058527
0 0.983807 0.559536 0.032386 0.059536
0 0.916722 0.491423 0.039656 0.046418
0 0.952743 0.502018 0.029742 0.041372
0 0.903833 0.443491 0.029742 0.037336
0 0.788830 0.406660 0.032386 0.050454
0 0.755122 0.421292 0.036352 0.047427
0 0.696960 0.538850 0.038995 0.050454
0 0.739921 0.534813 0.028420 0.038345
0 0.719101 0.482846 0.033047 0.047427
0 0.723397 0.382442 0.031064 0.052472
0 0.664243 0.443491 0.031725 0.047427
0 0.501652 0.584763 0.040978 0.051463
0 0.539326 0.597376 0.031725 0.046418
0 0.528090 0.542381 0.023794 0.033300
0 0.580635 0.449546 0.023133 0.039354
0 0.505948 0.496468 0.023133 0.034309
0 0.523794 0.478305 0.023133 0.034309
0 0.500330 0.465691 0.023794 0.033300
0 0.517515 0.443996 0.023794 0.036327
0 0.493060 0.438446 0.022472 0.035318
0 0.557832 0.465691 0.021150 0.035318
0 0.664243 0.736125 0.040978 0.043391
0 0.604098 0.974773 0.056841 0.048436
0 0.609055 0.934410 0.041639 0.064581
0 0.620952 0.914228 0.046927 0.050454
0 0.160608 0.636731 0.026438 0.040363
0 0.215796 0.558527 0.021811 0.037336
0 0.224058 0.578204 0.017184 0.030272
0 0.233642 0.545409 0.021811 0.035318
0 0.253800 0.550959 0.019828 0.030272
0 0.226702 0.513623 0.029081 0.034309
0 0.273298 0.532795 0.024455 0.042381
0 0.434237 0.490414 0.011897 0.020182
0 0.447125 0.488900 0.012558 0.025227
0 0.450430 0.427346 0.012558 0.019173
0 0.424323 0.420787 0.013219 0.020182
0 0.422009 0.480323 0.013880 0.022200
0 0.472241 0.468214 0.019167 0.028254
0 0.467944 0.440969 0.017184 0.028254
0 0.481824 0.451564 0.013219 0.031282
0 0.400529 0.411705 0.011897 0.020182
0 0.408790 0.397578 0.013880 0.022200
0 0.426966 0.395560 0.013219 0.020182
0 0.426636 0.377397 0.012558 0.016145
0 0.452743 0.441978 0.010575 0.018163
0 0.546927 0.421796 0.011236 0.024218
0 0.476867 0.299193 0.008592 0.015136
0 0.430932 0.434914 0.011897 0.020182
0 0.433906 0.409687 0.011236 0.018163
0 0.398215 0.389506 0.015202 0.022200
0 0.407469 0.378910 0.012558 0.019173
0 0.423001 0.356710 0.010575 0.021191
0 0.452412 0.398083 0.012558 0.015136
0 0.450099 0.411705 0.011897 0.018163
0 0.463979 0.592331 0.021150 0.028254
0 0.458030 0.575177 0.022472 0.022200
0 0.561798 0.300202 0.010575 0.019173
0 0.559484 0.317861 0.008592 0.016145
0 0.647059 0.291625 0.010575 0.018163
0 0.645406 0.315843 0.011236 0.018163
0 0.635162 0.287084 0.009253 0.019173
0 0.633179 0.400101 0.011897 0.019173
0 0.631196 0.370333 0.010575 0.018163
0 0.630205 0.323915 0.009914 0.016145
0 0.019167 0.434914 0.026438 0.040363
0 0.018176 0.382442 0.021811 0.036327
0 0.034038 0.405651 0.025777 0.036327
0 0.053536 0.420283 0.022472 0.035318
0 0.035691 0.371342 0.022472 0.036327
0 0.049901 0.379919 0.017845 0.031282
0 0.014210 0.350151 0.024455 0.030272
0 0.010575 0.333502 0.019828 0.027245
0 0.145406 0.376892 0.015863 0.021191
0 0.199603 0.401110 0.013219 0.019173
0 0.214805 0.404642 0.011897 0.016145
0 0.189028 0.375378 0.010575 0.018163
0 0.188698 0.394551 0.012558 0.020182
0 0.260740 0.358224 0.009914 0.020182
0 0.270985 0.357215 0.010575 0.018163
0 0.212492 0.323411 0.009914 0.015136
0 0.202908 0.351160 0.011897 0.018163
0 0.182750 0.339051 0.009914 0.016145
0 0.294779 0.305752 0.013219 0.022200
0 0.232320 0.344097 0.011236 0.020182
0 0.218771 0.315338 0.009253 0.013118
0 0.231659 0.387487 0.012558 0.018163
0 0.354594 0.315843 0.009914 0.014127
0 0.296100 0.367306 0.013219 0.018163
0 0.282551 0.366801 0.013880 0.017154
0 0.242234 0.348638 0.009914 0.017154
0 0.173496 0.374874 0.012558 0.017154
0 0.192333 0.345106 0.009253 0.014127
0 0.279577 0.342079 0.011897 0.018163
0 0.190350 0.330474 0.010575 0.015136
0 0.250826 0.523713 0.020489 0.024218
0 0.314276 0.365288 0.011236 0.018163
0 0.268011 0.620585 0.020489 0.026236
0 0.267350 0.340565 0.012558 0.019173
0 0.157303 0.363269 0.010575 0.016145
0 0.681097 0.314329 0.009914 0.017154
0 0.666226 0.313824 0.009253 0.014127
0 0.658625 0.393542 0.008592 0.014127
0 0.634501 0.335520 0.007931 0.013118
