0 0.349462 0.640105 0.244240 0.271454
0 0.370968 0.434326 0.213518 0.220665
0 0.497696 0.763573 0.175115 0.287215
0 0.083717 0.641856 0.164363 0.166375
0 0.657450 0.732049 0.218126 0.248687
0 0.867127 0.697023 0.231951 0.259194
0 0.272657 0.906305 0.228879 0.187391
0 0.622120 0.930823 0.208909 0.138354
0 0.703533 0.497373 0.239631 0.220665
0 0.215822 0.472855 0.158218 0.192644
0 0.085253 0.407180 0.167435 0.166375
0 0.155146 0.291594 0.159754 0.190893
0 0.299539 0.297723 0.187404 0.199650
0 0.260369 0.102452 0.145929 0.183888
0 0.064516 0.254816 0.125960 0.152364
0 0.126728 0.063923 0.124424 0.124343
0 0.303379 0.045534 0.133641 0.087566
0 0.380184 0.235552 0.149002 0.131349
0 0.591398 0.351138 0.184332 0.225919
0 0.913210 0.408056 0.173579 0.255692
0 0.947005 0.208406 0.105991 0.199650
0 0.865591 0.838004 0.198157 0.148862
0 0.454685 0.175131 0.153610 0.112084
0 0.031490 0.084063 0.059908 0.122592
0 0.463134 0.085814 0.105991 0.105079
0 0.579109 0.119089 0.122888 0.143608
0 0.555300 0.048161 0.127496 0.092820
0 0.807220 0.103327 0.142857 0.147110
0 0.835637 0.253940 0.132104 0.154116
0 0.946237 0.070928 0.107527 0.138354
0 0.045315 0.844133 0.087558 0.154116
0 0.107527 0.922067 0.138249 0.155867
0 0.399386 0.045534 0.073733 0.087566
