0 0.825962 0.715625 0.249038 0.450962
0 0.489984 0.611298 0.206891 0.356250
0 0.136939 0.677524 0.273558 0.350721
0 0.133894 0.356250 0.236058 0.287500
0 0.516907 0.890986 0.220032 0.214183
0 0.429888 0.231010 0.246955 0.408654
0 0.174599 0.115865 0.297276 0.224038
0 0.639744 0.365986 0.289103 0.394471
0 0.343990 0.832933 0.185737 0.334135
0 0.824038 0.130409 0.208974 0.260337
0 0.172196 0.928245 0.185737 0.143510
0 0.936218 0.627163 0.127564 0.269712
0 0.332933 0.449038 0.193109 0.361538
0 0.676923 0.860457 0.171154 0.273317
