0 0.457143 0.554795 0.194286 0.315068
0 0.611429 0.700913 0.177143 0.283105
0 0.317143 0.712329 0.180000 0.283105
0 0.252857 0.511416 0.197143 0.251142
0 0.359286 0.351598 0.172857 0.287671
0 0.525714 0.288813 0.168571 0.285388
0 0.669286 0.460046 0.187143 0.271689
0 0.632857 0.212329 0.142857 0.255708
0 0.843571 0.449772 0.178571 0.273973
0 0.764286 0.702055 0.160000 0.276256
0 0.903571 0.635845 0.144286 0.248858
0 0.955714 0.577626 0.088571 0.214612
0 0.897857 0.773973 0.110000 0.123288
0 0.745000 0.324201 0.107143 0.114155
