0 0.100000 0.387500 0.110417 0.147222
0 0.118229 0.288194 0.076042 0.112500
0 0.200521 0.315278 0.111458 0.130556
0 0.179688 0.438194 0.115625 0.134722
0 0.283854 0.539583 0.117708 0.137500
0 0.323958 0.436111 0.108333 0.130556
0 0.448437 0.510417 0.121875 0.156944
0 0.389062 0.700694 0.115625 0.159722
0 0.520312 0.677778 0.115625 0.138889
0 0.362500 0.852083 0.122917 0.170833
0 0.282813 0.704861 0.115625 0.165278
0 0.369792 0.568750 0.100000 0.140278
0 0.558854 0.555556 0.103125 0.141667
0 0.658333 0.516667 0.106250 0.130556
0 0.524479 0.445139 0.117708 0.129167
0 0.643229 0.430556 0.115625 0.144444
0 0.705208 0.350694 0.108333 0.120833
0 0.754687 0.441667 0.090625 0.144444
0 0.812500 0.502083 0.150000 0.170833
0 0.883333 0.373611 0.122917 0.147222
0 0.923958 0.613889 0.139583 0.183333
0 0.922396 0.505556 0.103125 0.144444
0 0.857812 0.684028 0.163542 0.206944
0 0.707812 0.697222 0.146875 0.177778
0 0.473958 0.817361 0.129167 0.184722
0 0.591146 0.795833 0.113542 0.163889
0 0.815104 0.861111 0.157292 0.208333
0 0.938021 0.800694 0.123958 0.198611
0 0.931771 0.947222 0.136458 0.105556
0 0.685937 0.943056 0.109375 0.111111
0 0.585938 0.938194 0.098958 0.123611
0 0.284896 0.915972 0.092708 0.137500
0 0.225521 0.635417 0.121875 0.148611
0 0.495833 0.377083 0.091667 0.095833
0 0.225000 0.797222 0.083333 0.116667
0 0.255729 0.384722 0.067708 0.116667
0 0.621875 0.652778 0.112500 0.155556
