0 0.538750 0.890543 0.080000 0.103327
0 0.521875 0.791594 0.081250 0.112084
0 0.576250 0.705779 0.082500 0.112084
0 0.611250 0.615587 0.085000 0.117338
0 0.645625 0.715412 0.076250 0.113835
0 0.598125 0.810858 0.081250 0.115587
0 0.470625 0.844133 0.066250 0.108581
0 0.594375 0.901051 0.058750 0.082312
0 0.463125 0.744308 0.098750 0.108581
0 0.449375 0.649737 0.091250 0.112084
0 0.529375 0.630473 0.078750 0.108581
0 0.560625 0.529772 0.076250 0.103327
0 0.485000 0.554291 0.075000 0.110333
0 0.537500 0.449212 0.075000 0.120841
0 0.827500 0.828371 0.062500 0.091068
0 0.868750 0.893170 0.070000 0.101576
0 0.902500 0.860771 0.077500 0.096322
0 0.830625 0.965849 0.078750 0.068301
0 0.629375 0.519264 0.073750 0.117338
0 0.676250 0.627846 0.070000 0.103327
0 0.823750 0.669002 0.070000 0.105079
0 0.873125 0.604203 0.083750 0.108581
0 0.803750 0.546410 0.082500 0.112084
0 0.762500 0.626095 0.080000 0.106830
0 0.713750 0.564799 0.070000 0.099825
0 0.748750 0.511384 0.065000 0.094571
0 0.952500 0.526270 0.070000 0.103327
0 0.889375 0.441331 0.068750 0.094571
0 0.948750 0.447461 0.057500 0.085814
0 0.888750 0.364273 0.072500 0.098074
0 0.704375 0.376532 0.078750 0.119089
0 0.640000 0.450088 0.070000 0.105079
0 0.633125 0.365149 0.076250 0.113835
0 0.668125 0.275832 0.081250 0.120841
0 0.569375 0.381786 0.068750 0.122592
0 0.592500 0.282837 0.072500 0.106830
0 0.610000 0.202277 0.080000 0.099825
0 0.542500 0.277583 0.060000 0.120841
0 0.684375 0.189142 0.083750 0.108581
0 0.563125 0.175131 0.068750 0.101576
0 0.631875 0.125219 0.071250 0.099825
0 0.735625 0.240806 0.063750 0.096322
0 0.923125 0.644483 0.066250 0.080560
0 0.195000 0.774081 0.082500 0.112084
0 0.273750 0.780210 0.085000 0.113835
0 0.293750 0.685639 0.077500 0.113835
0 0.346250 0.651489 0.077500 0.108581
0 0.341875 0.563047 0.066250 0.096322
0 0.398125 0.590193 0.056250 0.094571
0 0.235625 0.618214 0.086250 0.122592
0 0.166250 0.669002 0.077500 0.119089
0 0.116250 0.731173 0.080000 0.113835
0 0.160000 0.879159 0.075000 0.112084
0 0.231250 0.830123 0.070000 0.094571
0 0.112500 0.816112 0.070000 0.101576
0 0.121875 0.421191 0.068750 0.096322
0 0.156875 0.345009 0.071250 0.101576
0 0.224375 0.347636 0.068750 0.103327
0 0.285000 0.380911 0.062500 0.110333
0 0.281875 0.281086 0.071250 0.106830
0 0.344375 0.304729 0.053750 0.091068
0 0.319375 0.218039 0.056250 0.099825
0 0.208750 0.266200 0.077500 0.115587
0 0.106250 0.324869 0.057500 0.082312
0 0.144375 0.251313 0.061250 0.096322
0 0.199375 0.190893 0.058750 0.087566
0 0.257500 0.190018 0.070000 0.103327
0 0.300000 0.153240 0.057500 0.085814
0 0.331250 0.386165 0.055000 0.078809
0 0.178125 0.462347 0.066250 0.080560
0 0.085625 0.699650 0.058750 0.089317
