0 0.416923 0.567935 0.095385 0.152174
0 0.493846 0.493207 0.089231 0.154891
0 0.476154 0.660326 0.087692 0.184783
0 0.667692 0.370924 0.160000 0.274457
0 0.883846 0.447011 0.170769 0.269022
0 0.712308 0.593750 0.147692 0.214674
0 0.707692 0.817935 0.138462 0.233696
0 0.878462 0.838315 0.150769 0.274457
0 0.413077 0.461957 0.072308 0.119565
0 0.405385 0.334239 0.090769 0.130435
0 0.534615 0.322011 0.078462 0.154891
0 0.472308 0.239130 0.083077 0.141304
0 0.360769 0.176630 0.084615 0.152174
0 0.432308 0.130435 0.067692 0.130435
0 0.344615 0.054348 0.095385 0.103261
0 0.918462 0.695652 0.163077 0.233696
0 0.184615 0.369565 0.036923 0.065217
0 0.193846 0.304348 0.036923 0.054348
0 0.215385 0.345109 0.033846 0.054348
0 0.300000 0.410326 0.033846 0.065217
0 0.293846 0.349185 0.033846 0.062500
0 0.134615 0.544837 0.035385 0.062500
0 0.143077 0.597826 0.033846 0.059783
0 0.266154 0.750000 0.024615 0.043478
0 0.306923 0.702446 0.023077 0.035326
