0 0.234286 0.411429 0.100000 0.137143
0 0.328571 0.287619 0.102857 0.156190
0 0.103571 0.497143 0.087143 0.110476
0 0.040714 0.600000 0.078571 0.106667
0 0.039286 0.493333 0.072857 0.091429
0 0.050714 0.774286 0.081429 0.104762
0 0.119286 0.731429 0.072857 0.099048
0 0.090714 0.663810 0.075714 0.097143
0 0.031429 0.703810 0.060000 0.100952
0 0.193571 0.678095 0.084286 0.110476
0 0.162857 0.777143 0.071429 0.102857
0 0.101429 0.824762 0.080000 0.102857
0 0.058571 0.879048 0.080000 0.112381
0 0.125714 0.931429 0.071429 0.091429
0 0.146429 0.876190 0.081429 0.102857
0 0.242857 0.787619 0.082857 0.123810
0 0.290714 0.877143 0.078571 0.116190
0 0.322857 0.774286 0.080000 0.093333
0 0.313571 0.686667 0.084286 0.108571
0 0.405000 0.715238 0.092857 0.139048
0 0.468571 0.715238 0.111429 0.131429
0 0.470714 0.567619 0.121429 0.140952
0 0.612143 0.419048 0.144286 0.167619
0 0.626429 0.884762 0.112857 0.177143
0 0.710000 0.844762 0.111429 0.173333
0 0.816429 0.817143 0.124286 0.167619
0 0.780714 0.642857 0.121429 0.169524
0 0.904286 0.616190 0.140000 0.177143
0 0.932143 0.718095 0.127143 0.148571
0 0.750000 0.526667 0.145714 0.184762
0 0.860714 0.415238 0.127143 0.179048
0 0.744286 0.344762 0.142857 0.186667
0 0.662857 0.602857 0.122857 0.184762
0 0.513571 0.810476 0.078571 0.116190
0 0.505714 0.911429 0.080000 0.123810
0 0.392143 0.923810 0.087143 0.118095
0 0.409286 0.825714 0.070000 0.104762
0 0.204286 0.134286 0.088571 0.127619
0 0.347857 0.111429 0.127143 0.177143
0 0.461429 0.204762 0.131429 0.150476
0 0.415000 0.299048 0.107143 0.137143
0 0.574286 0.123810 0.117143 0.179048
0 0.357857 0.533333 0.078571 0.133333
0 0.062857 0.302857 0.091429 0.110476
0 0.081429 0.173333 0.082857 0.114286
0 0.101429 0.075238 0.091429 0.123810
0 0.032143 0.087619 0.061429 0.102857
0 0.678571 0.074286 0.114286 0.144762
0 0.580714 0.324762 0.095714 0.127619
0 0.845714 0.072381 0.151429 0.140952
0 0.955714 0.093333 0.088571 0.148571
0 0.185000 0.301905 0.084286 0.112381
0 0.246429 0.242857 0.067143 0.116190
0 0.575714 0.552381 0.097143 0.140952
0 0.591429 0.700000 0.082857 0.108571
0 0.597143 0.806667 0.088571 0.123810
0 0.756429 0.962857 0.121429 0.074286
0 0.918571 0.355238 0.102857 0.123810
0 0.820000 0.307619 0.077143 0.112381
0 0.372857 0.411429 0.077143 0.114286
0 0.503571 0.317143 0.084286 0.131429
0 0.682857 0.266667 0.120000 0.167619
0 0.154286 0.158095 0.065714 0.106667
0 0.229286 0.034286 0.081429 0.064762
0 0.258571 0.649524 0.074286 0.083810
0 0.249286 0.564762 0.087143 0.112381
0 0.977143 0.294286 0.045714 0.139048
