0 0.161865 0.680556 0.141113 0.194444
0 0.282959 0.692274 0.114746 0.197049
0 0.372070 0.622830 0.123047 0.184896
0 0.255615 0.505642 0.118652 0.205729
0 0.171143 0.319444 0.141113 0.227431
0 0.300049 0.359375 0.122559 0.206597
0 0.350586 0.483507 0.095703 0.145833
0 0.464844 0.543403 0.118164 0.163194
0 0.554688 0.631510 0.097656 0.200521
0 0.568604 0.452257 0.101074 0.194444
0 0.483643 0.346788 0.113770 0.214410
0 0.427734 0.242622 0.105469 0.202257
0 0.317871 0.273872 0.123047 0.172743
0 0.184570 0.110677 0.112305 0.200521
0 0.328369 0.138021 0.102051 0.156250
0 0.406494 0.117622 0.078613 0.082465
0 0.444580 0.076389 0.076660 0.145833
0 0.500488 0.053385 0.064453 0.101562
0 0.525391 0.128906 0.093750 0.139757
0 0.655762 0.162760 0.089844 0.138021
0 0.553223 0.286458 0.083984 0.137153
0 0.640869 0.296875 0.093262 0.163194
0 0.670410 0.447917 0.095703 0.151042
0 0.709717 0.594184 0.107910 0.179688
0 0.762695 0.433594 0.106445 0.186632
0 0.806885 0.599826 0.093262 0.147569
0 0.861816 0.546875 0.072266 0.156250
0 0.949219 0.546441 0.101562 0.155382
0 0.923828 0.387587 0.092773 0.171007
0 0.732422 0.302951 0.084961 0.152778
0 0.907959 0.300781 0.065918 0.108507
0 0.967285 0.273872 0.065430 0.124132
0 0.906250 0.205729 0.069336 0.138889
0 0.957275 0.193142 0.055176 0.101562
0 0.734375 0.176215 0.073242 0.121528
0 0.807129 0.163628 0.057617 0.111979
0 0.624512 0.573785 0.105469 0.163194
0 0.833984 0.447917 0.075195 0.151042
0 0.838867 0.359809 0.075195 0.101562
0 0.822021 0.266927 0.065918 0.113715
0 0.780518 0.297309 0.044434 0.099826
