0 0.115714 0.829070 0.120000 0.193023
0 0.147143 0.683721 0.108571 0.162791
0 0.107857 0.563953 0.101429 0.169767
0 0.169286 0.467442 0.087143 0.162791
0 0.213571 0.596512 0.104286 0.141860
0 0.050000 0.712791 0.097143 0.155814
0 0.210714 0.769767 0.095714 0.162791
0 0.242857 0.526744 0.100000 0.132558
0 0.380714 0.365116 0.112857 0.172093
0 0.408571 0.544186 0.097143 0.162791
0 0.338571 0.446512 0.094286 0.125581
0 0.365000 0.629070 0.075714 0.127907
0 0.332143 0.519767 0.067143 0.109302
0 0.466429 0.666279 0.098571 0.179070
0 0.406429 0.795349 0.067143 0.116279
0 0.503571 0.793023 0.107143 0.186047
0 0.565000 0.684884 0.092857 0.165116
0 0.604286 0.826744 0.100000 0.169767
0 0.467143 0.919767 0.094286 0.160465
0 0.563571 0.938372 0.101429 0.123256
0 0.665714 0.787209 0.097143 0.160465
0 0.624286 0.543023 0.094286 0.179070
0 0.515714 0.532558 0.094286 0.139535
0 0.469286 0.451163 0.107143 0.162791
0 0.509286 0.256977 0.104286 0.160465
0 0.545714 0.208140 0.097143 0.137209
0 0.592857 0.206977 0.077143 0.162791
0 0.639286 0.125581 0.072857 0.139535
0 0.660000 0.331395 0.108571 0.155814
0 0.702857 0.488372 0.111429 0.176744
0 0.693571 0.654651 0.107143 0.169767
0 0.795714 0.526744 0.114286 0.179070
0 0.768571 0.358140 0.114286 0.190698
0 0.686429 0.215116 0.075714 0.132558
0 0.809286 0.202326 0.110000 0.209302
0 0.902143 0.511628 0.115714 0.176744
0 0.800000 0.660465 0.108571 0.162791
0 0.835000 0.875581 0.095714 0.146512
0 0.837143 0.730233 0.105714 0.144186
0 0.943571 0.752326 0.104286 0.174419
0 0.965714 0.598837 0.068571 0.155814
0 0.958571 0.455814 0.082857 0.158140
0 0.884286 0.341860 0.120000 0.162791
0 0.967143 0.220930 0.060000 0.153488
0 0.932857 0.189535 0.080000 0.137209
0 0.783571 0.124419 0.090000 0.146512
0 0.345714 0.267442 0.100000 0.158140
0 0.734286 0.762791 0.057143 0.102326
0 0.944286 0.861628 0.065714 0.086047
0 0.527143 0.382558 0.102857 0.137209
