0 0.328390 0.694915 0.063559 0.082863
0 0.364054 0.649247 0.057203 0.089454
0 0.410311 0.628531 0.052260 0.064972
0 0.436088 0.682674 0.055791 0.071563
0 0.521186 0.718927 0.050847 0.070621
0 0.508828 0.778249 0.048729 0.064972
0 0.466455 0.770716 0.044492 0.057439
0 0.610523 0.821092 0.047316 0.056497
0 0.557556 0.769303 0.051554 0.054614
0 0.220692 0.573917 0.045904 0.068738
0 0.620056 0.758945 0.050847 0.060264
0 0.682910 0.761770 0.049435 0.062147
0 0.721751 0.729755 0.064972 0.065913
0 0.679379 0.686441 0.055085 0.064030
0 0.760946 0.903955 0.057203 0.067797
0 0.517655 0.681262 0.045198 0.053672
0 0.515890 0.641714 0.054379 0.059322
0 0.615819 0.655367 0.042373 0.054614
0 0.646893 0.628060 0.048023 0.060264
0 0.745056 0.694444 0.052260 0.061205
0 0.789901 0.711394 0.048729 0.076271
0 0.303672 0.660546 0.055085 0.078154
1 0.323446 0.596045 0.046610 0.067797
0 0.198093 0.521657 0.058616 0.065913
0 0.582980 0.577684 0.044492 0.059322
0 0.512359 0.564030 0.043079 0.050847
0 0.455155 0.819209 0.051554 0.064030
0 0.345339 0.762712 0.050847 0.069680
0 0.827331 0.900659 0.057203 0.078154
0 0.812853 0.830979 0.059322 0.076271
0 0.882768 0.895009 0.057910 0.070621
0 0.931850 0.872881 0.060028 0.079096
0 0.873588 0.852637 0.055085 0.061205
0 0.693503 0.970339 0.057910 0.055556
0 0.759181 0.975518 0.064972 0.048964
0 0.914548 0.701036 0.052260 0.068738
0 0.961158 0.684087 0.053672 0.072505
0 0.567797 0.858286 0.053672 0.046139
0 0.881003 0.957156 0.060028 0.057439
0 0.283192 0.606874 0.036723 0.068738
0 0.299082 0.539077 0.048729 0.053672
0 0.245763 0.650188 0.055085 0.068738
0 0.461158 0.601695 0.048023 0.048964
0 0.710099 0.565443 0.041667 0.064972
0 0.626412 0.569680 0.046610 0.052731
0 0.288136 0.383239 0.042373 0.064030
0 0.300141 0.326271 0.042373 0.055556
0 0.335099 0.352166 0.048729 0.056497
0 0.257062 0.327213 0.049435 0.063089
0 0.289195 0.290960 0.040254 0.050847
0 0.838277 0.744350 0.063559 0.070621
0 0.842514 0.688324 0.050847 0.058380
0 0.675494 0.589925 0.034605 0.059322
0 0.518362 0.500000 0.040960 0.054614
0 0.574153 0.736347 0.042373 0.052731
0 0.567090 0.681733 0.043785 0.048964
0 0.557203 0.650659 0.039548 0.041431
0 0.578743 0.639360 0.031780 0.047081
0 0.683616 0.543785 0.033898 0.046139
0 0.730932 0.627589 0.042373 0.055556
0 0.703037 0.614878 0.034605 0.052731
0 0.502825 0.871940 0.050847 0.048964
0 0.546963 0.892185 0.048729 0.051789
0 0.614407 0.856403 0.045198 0.038606
0 0.659605 0.841808 0.052260 0.050847
0 0.695621 0.812147 0.046610 0.051789
0 0.769421 0.793315 0.050141 0.040490
0 0.719633 0.781073 0.050847 0.040490
0 0.629944 0.728343 0.038136 0.034840
0 0.602401 0.621469 0.039548 0.047081
0 0.496822 0.444915 0.034605 0.048023
0 0.414901 0.597928 0.051554 0.050847
0 0.353814 0.533898 0.040960 0.041431
0 0.381003 0.522128 0.041667 0.042373
0 0.302260 0.750471 0.045198 0.075330
0 0.399011 0.802260 0.057910 0.067797
0 0.391243 0.741996 0.049435 0.058380
0 0.425141 0.765066 0.039548 0.061205
0 0.457274 0.567797 0.038842 0.039548
0 0.424435 0.494350 0.033898 0.045198
0 0.435028 0.470810 0.029661 0.037665
0 0.467514 0.475989 0.036723 0.048023
0 0.466455 0.551789 0.043079 0.041431
1 0.369703 0.596987 0.045904 0.048964
0 0.253178 0.537194 0.041667 0.059322
1 0.570975 0.501412 0.038842 0.048023
0 0.623234 0.530603 0.031780 0.040490
0 0.531073 0.432203 0.038136 0.054614
0 0.541314 0.481638 0.034605 0.051789
0 0.557556 0.450094 0.027542 0.045198
0 0.447740 0.405838 0.032486 0.052731
0 0.476695 0.394068 0.032486 0.046139
0 0.505650 0.389360 0.031073 0.044256
0 0.350282 0.459040 0.028249 0.046139
0 0.410311 0.365819 0.022599 0.036723
0 0.469280 0.359228 0.043079 0.038606
0 0.370410 0.490584 0.038842 0.032015
0 0.427966 0.433145 0.031073 0.039548
0 0.272952 0.686911 0.044492 0.068738
0 0.259887 0.738701 0.042373 0.063089
0 0.236229 0.720810 0.033192 0.059322
0 0.225636 0.669962 0.040254 0.055556
0 0.169845 0.683616 0.044492 0.060264
0 0.203743 0.678437 0.023305 0.053672
0 0.206568 0.625235 0.026130 0.048964
0 0.188206 0.604049 0.031780 0.055556
0 0.149718 0.619115 0.045198 0.053672
0 0.161370 0.564501 0.051554 0.053672
0 0.104167 0.557439 0.041667 0.047081
0 0.087571 0.526836 0.035311 0.044256
0 0.066031 0.544727 0.027542 0.049906
0 0.050847 0.546610 0.019774 0.053672
0 0.066031 0.493879 0.033192 0.053672
0 0.094633 0.484463 0.036723 0.042373
0 0.131709 0.491055 0.034605 0.040490
0 0.142655 0.455273 0.031073 0.042373
0 0.154308 0.416667 0.036017 0.046139
0 0.188912 0.405838 0.033192 0.050847
0 0.224223 0.392655 0.030367 0.043315
0 0.271186 0.428437 0.033898 0.037665
0 0.210099 0.430320 0.034605 0.047081
0 0.186441 0.459040 0.029661 0.038606
1 0.222458 0.471281 0.033898 0.042373
0 0.253884 0.465631 0.027542 0.038606
0 0.029308 0.543315 0.030367 0.043315
0 0.014124 0.457156 0.026836 0.046139
0 0.033545 0.431262 0.031780 0.054614
0 0.044845 0.435499 0.030367 0.048023
0 0.042020 0.486817 0.030367 0.050847
0 0.140537 0.666196 0.028249 0.051789
0 0.114054 0.613936 0.033192 0.050847
0 0.091102 0.627119 0.024011 0.048964
0 0.085805 0.575330 0.023305 0.056497
0 0.068150 0.451977 0.034605 0.041431
0 0.102754 0.421846 0.034605 0.039548
0 0.123234 0.411488 0.027542 0.033898
0 0.118997 0.387006 0.031780 0.030132
0 0.066737 0.408192 0.031780 0.036723
0 0.112994 0.367232 0.032486 0.033898
0 0.111935 0.311676 0.031780 0.041431
0 0.137006 0.318267 0.024011 0.033898
0 0.121116 0.289548 0.033192 0.029190
0 0.159251 0.300847 0.034605 0.042373
0 0.188206 0.290490 0.028955 0.038606
0 0.011653 0.326271 0.021893 0.042373
0 0.036723 0.395009 0.028249 0.027307
1 0.018008 0.387476 0.030367 0.046139
0 0.185381 0.362053 0.034605 0.040490
0 0.216455 0.353578 0.027542 0.034840
0 0.158192 0.337100 0.028249 0.033898
0 0.074859 0.334746 0.029661 0.027307
0 0.066737 0.380414 0.031780 0.030132
0 0.064972 0.306968 0.024011 0.026365
0 0.016243 0.500942 0.029661 0.045198
0 0.028602 0.580508 0.028955 0.046139
0 0.012006 0.578154 0.022599 0.047081
0 0.014831 0.361582 0.028249 0.032015
0 0.137359 0.369115 0.020480 0.039548
0 0.037076 0.341337 0.027542 0.029190
0 0.721398 0.529190 0.038842 0.030132
0 0.665960 0.509887 0.040960 0.031073
1 0.611229 0.509887 0.033192 0.029190
0 0.588630 0.532486 0.036017 0.034840
0 0.556850 0.556968 0.040254 0.036723
0 0.413842 0.340395 0.031073 0.038606
0 0.198093 0.280132 0.024718 0.031073
0 0.422316 0.258004 0.028249 0.033898
0 0.416314 0.224576 0.020480 0.021657
0 0.419138 0.209981 0.023305 0.028249
0 0.569209 0.264124 0.021186 0.029190
0 0.528602 0.228343 0.019068 0.034840
0 0.625000 0.265066 0.022599 0.031073
0 0.647952 0.269774 0.026130 0.029190
1 0.659958 0.249529 0.020480 0.033898
0 0.637006 0.241055 0.019774 0.032015
0 0.557556 0.237288 0.023305 0.028249
0 0.584393 0.215631 0.020480 0.028249
0 0.557203 0.208098 0.024011 0.032015
0 0.589689 0.266478 0.021186 0.024482
0 0.582980 0.247175 0.021893 0.023540
0 0.543785 0.237288 0.019774 0.022599
0 0.050141 0.326271 0.025424 0.029190
0 0.154308 0.364878 0.026130 0.034840
0 0.279308 0.508475 0.033192 0.033898
0 0.236582 0.509887 0.028249 0.029190
