0 0.067500 0.707778 0.131667 0.206667
0 0.181667 0.680000 0.100000 0.120000
0 0.176667 0.793333 0.086667 0.111111
0 0.110000 0.900000 0.176667 0.186667
0 0.086667 0.431111 0.090000 0.111111
0 0.173333 0.452222 0.080000 0.108889
0 0.225833 0.381111 0.081667 0.108889
0 0.188333 0.613333 0.100000 0.084444
0 0.107500 0.621111 0.061667 0.077778
0 0.306667 0.665556 0.090000 0.122222
0 0.248333 0.744444 0.093333 0.115556
0 0.351667 0.760000 0.096667 0.133333
0 0.353333 0.884444 0.093333 0.111111
0 0.433333 0.851111 0.093333 0.124444
0 0.440833 0.737778 0.105000 0.142222
0 0.391667 0.557778 0.093333 0.137778
0 0.561667 0.851111 0.100000 0.137778
0 0.631667 0.932222 0.110000 0.135556
0 0.528333 0.506667 0.086667 0.124444
0 0.313333 0.422222 0.106667 0.120000
0 0.226667 0.534444 0.076667 0.100000
0 0.710833 0.804444 0.098333 0.142222
0 0.545833 0.748889 0.095000 0.120000
0 0.615000 0.494444 0.100000 0.135556
0 0.730833 0.523333 0.108333 0.126667
0 0.780833 0.655556 0.108333 0.151111
0 0.865833 0.616667 0.088333 0.166667
0 0.260833 0.832222 0.071667 0.073333
0 0.772500 0.865556 0.101667 0.135556
0 0.916667 0.843333 0.120000 0.140000
0 0.837500 0.428889 0.091667 0.151111
0 0.791667 0.578889 0.080000 0.100000
0 0.759167 0.377778 0.081667 0.137778
0 0.684167 0.341111 0.088333 0.131111
0 0.451667 0.460000 0.100000 0.111111
0 0.345833 0.283333 0.091667 0.100000
0 0.466667 0.222222 0.070000 0.102222
0 0.540833 0.221111 0.085000 0.122222
0 0.570000 0.396667 0.083333 0.095556
0 0.453333 0.316667 0.070000 0.104444
0 0.414167 0.176667 0.075000 0.104444
0 0.616667 0.245556 0.066667 0.117778
0 0.696667 0.226667 0.080000 0.102222
0 0.840833 0.263333 0.085000 0.122222
0 0.918333 0.443333 0.070000 0.117778
0 0.896667 0.728889 0.116667 0.111111
0 0.946667 0.635556 0.093333 0.120000
0 0.963333 0.555556 0.070000 0.102222
0 0.220000 0.270000 0.060000 0.086667
0 0.260000 0.228889 0.050000 0.080000
0 0.296667 0.227778 0.040000 0.082222
0 0.378333 0.208889 0.060000 0.080000
0 0.704167 0.137778 0.055000 0.071111
0 0.746667 0.115556 0.053333 0.071111
0 0.405000 0.044444 0.063333 0.084444
0 0.597500 0.578889 0.085000 0.091111
0 0.510000 0.572222 0.096667 0.095556
0 0.400000 0.646667 0.083333 0.106667
0 0.585000 0.696667 0.080000 0.113333
0 0.649167 0.634444 0.065000 0.086667
0 0.540000 0.305556 0.076667 0.091111
0 0.116667 0.558889 0.066667 0.068889
0 0.173333 0.522222 0.066667 0.066667
0 0.541667 0.961111 0.106667 0.077778
0 0.845000 0.931111 0.096667 0.137778
0 0.268333 0.055556 0.050000 0.080000
0 0.257500 0.122222 0.051667 0.066667
0 0.338333 0.063333 0.066667 0.073333
0 0.530000 0.041111 0.056667 0.077778
0 0.224167 0.072222 0.038333 0.073333
0 0.229167 0.203333 0.045000 0.055556
0 0.479167 0.130000 0.075000 0.077778
0 0.583333 0.032222 0.063333 0.060000
0 0.606667 0.093333 0.053333 0.075556
0 0.149167 0.246667 0.061667 0.071111
0 0.646667 0.040000 0.056667 0.075556
0 0.743333 0.038889 0.060000 0.073333
0 0.815000 0.071111 0.040000 0.062222
0 0.319167 0.534444 0.061667 0.095556
0 0.292500 0.958889 0.175000 0.082222
0 0.174167 0.131111 0.038333 0.048889
0 0.179167 0.168889 0.035000 0.053333
0 0.155833 0.352222 0.068333 0.068889
0 0.274167 0.585556 0.071667 0.095556
0 0.712500 0.960000 0.058333 0.071111
