0 0.386398 0.303906 0.108663 0.235937
0 0.492021 0.328125 0.105623 0.215625
0 0.429711 0.517188 0.107143 0.250000
0 0.621960 0.352344 0.084347 0.179688
0 0.569529 0.432812 0.076748 0.187500
0 0.638298 0.196094 0.080547 0.182812
0 0.558511 0.253125 0.091185 0.171875
0 0.393997 0.729688 0.108663 0.225000
0 0.243161 0.777344 0.147416 0.245312
0 0.368161 0.889844 0.120821 0.220312
0 0.537614 0.733594 0.082827 0.189062
0 0.586246 0.639844 0.081307 0.185938
0 0.667553 0.635156 0.075228 0.160938
0 0.676292 0.401562 0.075988 0.168750
0 0.738222 0.368750 0.081307 0.178125
0 0.466945 0.927344 0.101064 0.142187
0 0.583587 0.868750 0.091185 0.171875
0 0.250760 0.642969 0.083587 0.151562
0 0.333207 0.426563 0.110182 0.203125
0 0.659195 0.910937 0.087386 0.178125
0 0.731763 0.862500 0.079027 0.203125
0 0.798632 0.732812 0.098784 0.184375
0 0.725304 0.534375 0.088906 0.165625
0 0.857143 0.379688 0.062310 0.137500
0 0.921733 0.421875 0.075988 0.143750
0 0.816489 0.557031 0.078267 0.185938
0 0.254559 0.306250 0.071429 0.150000
0 0.216565 0.542969 0.100304 0.170313
0 0.155395 0.415625 0.079787 0.209375
0 0.127280 0.615625 0.085866 0.162500
0 0.052052 0.459375 0.081307 0.140625
0 0.072568 0.366406 0.078267 0.157812
0 0.525076 0.539844 0.082067 0.176563
0 0.453647 0.710938 0.059271 0.193750
0 0.835866 0.873437 0.079027 0.168750
0 0.539134 0.942969 0.078267 0.114062
0 0.960106 0.744531 0.079787 0.164062
0 0.921733 0.568750 0.074468 0.128125
0 0.822188 0.236719 0.059271 0.123438
0 0.763678 0.234375 0.057751 0.121875
0 0.958587 0.510938 0.078267 0.131250
0 0.199848 0.253125 0.079027 0.150000
0 0.240881 0.073438 0.088146 0.143750
0 0.750000 0.127344 0.045593 0.107813
0 0.793313 0.138281 0.050152 0.085938
0 0.322948 0.060156 0.097264 0.117188
0 0.229483 0.933594 0.132219 0.129688
0 0.481003 0.125000 0.068389 0.150000
0 0.709347 0.160156 0.034195 0.120313
0 0.143997 0.136719 0.040274 0.073438
