0 0.488194 0.604688 0.256944 0.219792
0 0.688194 0.531250 0.243056 0.172917
0 0.144444 0.571875 0.258333 0.197917
0 0.073611 0.702604 0.144444 0.221875
0 0.219444 0.885417 0.266667 0.216667
0 0.423611 0.791667 0.241667 0.160417
0 0.628472 0.818750 0.206944 0.202083
0 0.842361 0.846354 0.234722 0.192708
0 0.761111 0.683854 0.230556 0.165625
0 0.913889 0.645833 0.133333 0.179167
0 0.294444 0.701562 0.180556 0.153125
0 0.452083 0.428646 0.159722 0.126042
0 0.320139 0.580208 0.145833 0.125000
0 0.179861 0.434375 0.137500 0.114583
0 0.234028 0.331250 0.154167 0.120833
0 0.327083 0.295312 0.140278 0.117708
0 0.647222 0.317708 0.133333 0.102083
0 0.807639 0.355208 0.145833 0.110417
0 0.688889 0.418229 0.194444 0.098958
0 0.910417 0.416146 0.140278 0.101042
0 0.931944 0.521875 0.136111 0.116667
0 0.384028 0.958333 0.251389 0.083333
0 0.724306 0.948438 0.223611 0.103125
0 0.913889 0.945312 0.172222 0.109375
0 0.154167 0.757292 0.238889 0.193750
0 0.120833 0.266146 0.175000 0.117708
0 0.347917 0.206771 0.134722 0.109375
0 0.589583 0.268750 0.123611 0.112500
0 0.323611 0.422917 0.136111 0.110417
0 0.494444 0.374479 0.161111 0.096875
0 0.897222 0.306250 0.155556 0.100000
0 0.492361 0.253125 0.112500 0.091667
0 0.162500 0.150000 0.122222 0.081250
0 0.294444 0.155729 0.144444 0.078125
0 0.502083 0.180208 0.118056 0.087500
0 0.729167 0.161979 0.116667 0.088542
0 0.728472 0.279687 0.093056 0.088542
0 0.845833 0.205208 0.127778 0.104167
0 0.065278 0.217188 0.127778 0.101042
0 0.234722 0.248438 0.100000 0.086458
0 0.959722 0.242188 0.080556 0.101042
