0 0.630556 0.898958 0.225000 0.197917
0 0.526389 0.765625 0.236111 0.177083
0 0.363194 0.728646 0.179167 0.159375
0 0.214583 0.715625 0.159722 0.150000
0 0.286111 0.590104 0.177778 0.132292
0 0.252083 0.455208 0.201389 0.139583
0 0.120139 0.535417 0.193056 0.145833
0 0.452778 0.517188 0.180556 0.140625
0 0.567361 0.344271 0.165278 0.138542
0 0.118750 0.202604 0.184722 0.144792
0 0.293750 0.209896 0.187500 0.130208
0 0.485417 0.247917 0.156944 0.116667
0 0.347917 0.423438 0.087500 0.107292
0 0.606944 0.523958 0.147222 0.116667
0 0.684722 0.617188 0.161111 0.113542
0 0.733333 0.842708 0.169444 0.158333
0 0.843750 0.812500 0.168056 0.170833
0 0.920833 0.646875 0.158333 0.156250
0 0.820139 0.565625 0.156944 0.133333
0 0.764583 0.486979 0.156944 0.105208
0 0.627083 0.433333 0.134722 0.106250
0 0.839583 0.351042 0.148611 0.131250
0 0.926389 0.477604 0.147222 0.134375
0 0.651389 0.241146 0.144444 0.132292
0 0.129167 0.321354 0.150000 0.119792
0 0.053472 0.444271 0.104167 0.123958
0 0.028472 0.313542 0.054167 0.118750
0 0.781250 0.104167 0.123611 0.097917
0 0.813889 0.209375 0.141667 0.116667
0 0.944444 0.275000 0.111111 0.104167
0 0.902778 0.201563 0.100000 0.098958
0 0.946528 0.144792 0.106944 0.106250
0 0.949306 0.072917 0.095833 0.072917
0 0.727083 0.070312 0.120833 0.094792
0 0.307639 0.301042 0.151389 0.108333
0 0.438194 0.336979 0.118056 0.107292
0 0.544444 0.183333 0.119444 0.079167
0 0.421528 0.898958 0.204167 0.183333
0 0.051389 0.935417 0.100000 0.129167
0 0.701389 0.725000 0.141667 0.108333
0 0.326389 0.936458 0.183333 0.127083
0 0.080556 0.122917 0.150000 0.077083
0 0.191667 0.804167 0.169444 0.141667
0 0.067361 0.745313 0.131944 0.128125
0 0.401389 0.184375 0.088889 0.064583
