0 0.148556 0.750000 0.189210 0.378125
0 0.316489 0.840625 0.180091 0.318750
0 0.254939 0.504687 0.164894 0.321875
0 0.057751 0.556250 0.113982 0.300000
0 0.058131 0.832812 0.114742 0.303125
0 0.522796 0.519531 0.206687 0.398438
0 0.425532 0.421094 0.135258 0.301563
0 0.752660 0.633594 0.280395 0.539062
0 0.601444 0.821094 0.178571 0.357812
0 0.675912 0.235156 0.221125 0.467187
0 0.847264 0.382031 0.174772 0.360938
0 0.891717 0.084375 0.113222 0.165625
0 0.169833 0.450000 0.142097 0.256250
0 0.526596 0.168750 0.151976 0.334375
0 0.941489 0.737500 0.117021 0.337500
0 0.811930 0.825000 0.204407 0.337500
0 0.467325 0.904687 0.120061 0.190625
