0 0.026802 0.465741 0.049908 0.072222
0 0.079482 0.450926 0.070240 0.068519
0 0.163586 0.466667 0.068392 0.074074
0 0.170055 0.393519 0.070240 0.064815
0 0.256932 0.450000 0.073937 0.070370
0 0.328096 0.442593 0.072089 0.070370
0 0.397412 0.509259 0.077634 0.074074
0 0.398336 0.445370 0.072089 0.075926
0 0.518484 0.411111 0.083179 0.081481
0 0.046211 0.378704 0.073937 0.083333
0 0.292052 0.387963 0.073937 0.072222
0 0.365065 0.383333 0.072089 0.077778
0 0.094270 0.394444 0.070240 0.070370
0 0.223660 0.361111 0.066543 0.066667
0 0.448244 0.384259 0.068392 0.068519
0 0.491682 0.328704 0.070240 0.072222
0 0.594270 0.425926 0.075786 0.085185
0 0.571165 0.338889 0.073937 0.070370
0 0.672828 0.422222 0.070240 0.070370
0 0.722736 0.474074 0.070240 0.081481
0 0.626617 0.510185 0.077634 0.072222
0 0.674677 0.364815 0.066543 0.070370
0 0.745841 0.383333 0.075786 0.081481
0 0.775416 0.442593 0.079482 0.066667
0 0.740296 0.549074 0.072089 0.072222
0 0.481516 0.528704 0.075786 0.053704
0 0.868762 0.541667 0.088725 0.087037
0 0.913124 0.473148 0.081331 0.090741
0 0.853974 0.435185 0.077634 0.066667
0 0.827172 0.393519 0.075786 0.072222
0 0.970425 0.408333 0.059150 0.072222
0 0.224584 0.490741 0.072089 0.066667
0 0.334566 0.502778 0.066543 0.064815
0 0.297597 0.352778 0.070240 0.064815
0 0.579482 0.545370 0.075786 0.050000
0 0.093346 0.344444 0.060998 0.051852
0 0.483364 0.437963 0.075786 0.079630
0 0.943623 0.568519 0.072089 0.074074
