0 0.065665 0.558761 0.128165 0.089744
0 0.120253 0.628205 0.142405 0.091880
0 0.139241 0.841880 0.129747 0.091880
0 0.252373 0.814637 0.140823 0.099359
0 0.081487 0.933761 0.150316 0.102564
0 0.382911 0.791667 0.123418 0.091880
0 0.087025 0.704060 0.136076 0.081197
0 0.213608 0.688568 0.132911 0.082265
0 0.169304 0.751603 0.117089 0.075855
0 0.337025 0.673611 0.117089 0.088675
0 0.305380 0.599893 0.126582 0.088675
0 0.200949 0.545406 0.126582 0.084402
0 0.317247 0.502671 0.143987 0.075855
0 0.412184 0.591880 0.106013 0.074786
0 0.485759 0.492521 0.101266 0.068376
0 0.404272 0.482372 0.102848 0.058761
0 0.666930 0.538996 0.102848 0.073718
0 0.754747 0.507479 0.107595 0.076923
0 0.885285 0.597222 0.112342 0.072650
0 0.585443 0.512286 0.079114 0.065171
0 0.517405 0.384615 0.104430 0.066239
0 0.088608 0.447115 0.110759 0.069444
0 0.168513 0.432158 0.102848 0.071581
0 0.274525 0.396368 0.090190 0.068376
0 0.205696 0.353098 0.094937 0.065171
0 0.478639 0.580128 0.096519 0.061966
0 0.791139 0.632479 0.107595 0.079060
0 0.714399 0.653846 0.106013 0.081197
0 0.638449 0.614316 0.109177 0.079060
0 0.826741 0.449786 0.071203 0.053419
0 0.582278 0.846154 0.123418 0.094017
0 0.784019 0.420940 0.071203 0.057692
0 0.549842 0.477030 0.087025 0.056624
0 0.409019 0.435363 0.080696 0.054487
0 0.290348 0.449252 0.099684 0.045940
0 0.059335 0.502137 0.115506 0.049145
0 0.341772 0.385684 0.082278 0.066239
0 0.402690 0.336004 0.080696 0.050214
0 0.419304 0.389957 0.079114 0.053419
0 0.484968 0.363248 0.077532 0.055556
0 0.601266 0.333868 0.091772 0.063034
0 0.626582 0.447115 0.082278 0.045940
0 0.665348 0.404915 0.071203 0.053419
0 0.757911 0.377671 0.066456 0.045940
0 0.883703 0.391026 0.068038 0.049145
0 0.814873 0.402244 0.056962 0.037393
0 0.841772 0.342415 0.060127 0.043803
0 0.954114 0.482906 0.072785 0.047009
0 0.897152 0.449786 0.066456 0.038462
0 0.868671 0.483974 0.056962 0.034188
0 0.875000 0.547009 0.098101 0.055556
0 0.727057 0.328526 0.061709 0.037393
0 0.798259 0.317842 0.074367 0.048077
0 0.712025 0.309829 0.066456 0.040598
0 0.865506 0.266026 0.050633 0.034188
0 0.902690 0.358440 0.077532 0.039530
0 0.977848 0.423077 0.044304 0.042735
0 0.927215 0.426282 0.063291 0.042735
0 0.146361 0.384081 0.068038 0.054487
0 0.286392 0.744658 0.107595 0.068376
0 0.037975 0.808761 0.072785 0.089744
0 0.386867 0.721154 0.109177 0.061966
0 0.478639 0.817308 0.102848 0.079060
0 0.734177 0.576389 0.079114 0.052350
0 0.971519 0.522970 0.056962 0.045940
0 0.468354 0.432158 0.079114 0.058761
0 0.543513 0.435363 0.087025 0.048077
0 0.548259 0.319444 0.061709 0.051282
0 0.602057 0.278312 0.068038 0.045940
0 0.801424 0.246261 0.049051 0.030983
0 0.746044 0.262286 0.042722 0.033120
0 0.787975 0.540064 0.085443 0.058761
0 0.502373 0.333868 0.077532 0.041667
