0 0.322222 0.592708 0.108333 0.095833
0 0.379861 0.741667 0.129167 0.095833
0 0.693056 0.883854 0.138889 0.111458
0 0.627778 0.694792 0.141667 0.114583
0 0.584722 0.883854 0.119444 0.103125
0 0.586111 0.791667 0.119444 0.104167
0 0.709028 0.780208 0.129167 0.097917
0 0.514583 0.709375 0.118056 0.097917
0 0.509722 0.617708 0.130556 0.106250
0 0.419444 0.652083 0.113889 0.085417
0 0.621528 0.592708 0.112500 0.093750
0 0.508333 0.535417 0.113889 0.081250
0 0.411111 0.568750 0.086111 0.087500
0 0.359028 0.501042 0.109722 0.087500
0 0.548611 0.443750 0.094444 0.077083
0 0.458333 0.472917 0.100000 0.089583
0 0.675000 0.532292 0.102778 0.079167
0 0.570139 0.510938 0.104167 0.076042
0 0.656250 0.465625 0.104167 0.070833
0 0.745139 0.472917 0.090278 0.075000
0 0.849306 0.680208 0.106944 0.083333
0 0.715972 0.603646 0.104167 0.082292
0 0.781250 0.830729 0.126389 0.098958
0 0.853472 0.785937 0.120833 0.096875
0 0.898611 0.764062 0.122222 0.096875
0 0.859028 0.590104 0.087500 0.065625
0 0.909028 0.538021 0.087500 0.069792
0 0.829167 0.514583 0.086111 0.068750
0 0.793056 0.622917 0.088889 0.075000
0 0.261806 0.532292 0.126389 0.085417
0 0.283333 0.419792 0.108333 0.085417
0 0.370833 0.399479 0.102778 0.071875
0 0.430556 0.355729 0.091667 0.063542
0 0.181250 0.556250 0.123611 0.089583
0 0.214583 0.622396 0.090278 0.071875
0 0.077083 0.574479 0.084722 0.069792
0 0.868056 0.841667 0.075000 0.070833
0 0.482639 0.740625 0.112500 0.081250
0 0.152778 0.515104 0.091667 0.055208
0 0.175694 0.458854 0.070833 0.063542
0 0.250694 0.483854 0.101389 0.063542
0 0.101389 0.478646 0.111111 0.067708
0 0.048611 0.518229 0.072222 0.051042
0 0.026389 0.475521 0.050000 0.061458
0 0.115972 0.416146 0.084722 0.069792
0 0.179167 0.420312 0.088889 0.078125
0 0.042361 0.412500 0.081944 0.066667
0 0.243056 0.354687 0.100000 0.069792
0 0.151389 0.360417 0.086111 0.064583
0 0.084028 0.364583 0.059722 0.045833
0 0.179167 0.314063 0.088889 0.059375
0 0.241667 0.302083 0.066667 0.052083
0 0.310417 0.338542 0.076389 0.043750
0 0.359028 0.324479 0.079167 0.065625
0 0.439583 0.285938 0.076389 0.057292
0 0.615972 0.389583 0.087500 0.075000
0 0.484722 0.414062 0.080556 0.061458
0 0.713889 0.365104 0.088889 0.059375
0 0.727083 0.405729 0.090278 0.059375
0 0.827778 0.478646 0.072222 0.038542
0 0.946528 0.584896 0.095833 0.061458
0 0.877778 0.657813 0.086111 0.067708
0 0.932639 0.670312 0.054167 0.067708
0 0.727778 0.687500 0.088889 0.089583
0 0.569444 0.307292 0.069444 0.052083
0 0.496528 0.270833 0.065278 0.050000
0 0.561111 0.274479 0.063889 0.044792
0 0.530556 0.386979 0.080556 0.044792
0 0.538194 0.337500 0.059722 0.058333
0 0.290972 0.285938 0.062500 0.046875
0 0.380556 0.293229 0.063889 0.048958
0 0.025694 0.370312 0.048611 0.030208
0 0.263194 0.605729 0.079167 0.076042
0 0.746528 0.543229 0.065278 0.071875
0 0.793750 0.555729 0.056944 0.065625
0 0.643056 0.346875 0.083333 0.056250
0 0.904861 0.499479 0.076389 0.040625
0 0.973611 0.658854 0.052778 0.069792
