0 0.143750 0.738194 0.284722 0.281944
0 0.398611 0.740972 0.277778 0.229167
0 0.422917 0.340278 0.268056 0.205556
0 0.092361 0.513194 0.181944 0.229167
0 0.656944 0.702083 0.194444 0.226389
0 0.838194 0.621528 0.231944 0.206944
0 0.942361 0.484722 0.115278 0.225000
0 0.256944 0.604861 0.241667 0.143056
0 0.437500 0.540972 0.219444 0.193056
0 0.658333 0.422917 0.180556 0.184722
0 0.868750 0.812500 0.170833 0.147222
0 0.726389 0.250000 0.227778 0.225000
0 0.541667 0.095833 0.213889 0.188889
0 0.252778 0.170833 0.180556 0.186111
0 0.149306 0.934722 0.293056 0.130556
0 0.791667 0.926389 0.166667 0.147222
0 0.627083 0.947222 0.173611 0.102778
0 0.946528 0.290972 0.106944 0.187500
0 0.895833 0.265278 0.144444 0.183333
0 0.950694 0.940278 0.098611 0.119444
0 0.975000 0.851389 0.050000 0.169444
0 0.888194 0.458333 0.115278 0.158333
0 0.945833 0.124306 0.108333 0.173611
0 0.731250 0.118056 0.148611 0.113889
0 0.722917 0.043750 0.151389 0.084722
0 0.674306 0.841667 0.156944 0.144444
