0 0.063403 0.678170 0.123596 0.152488
0 0.158909 0.749599 0.157303 0.099518
0 0.308186 0.739165 0.118780 0.113965
0 0.414125 0.736758 0.128411 0.118780
0 0.434189 0.588283 0.136437 0.130016
0 0.313002 0.585072 0.118780 0.136437
0 0.235152 0.450241 0.139647 0.152488
0 0.386838 0.460674 0.134831 0.147673
0 0.065811 0.361958 0.128411 0.142857
0 0.053772 0.484751 0.104334 0.102729
0 0.285714 0.292937 0.105939 0.078652
0 0.435795 0.386035 0.120385 0.107544
0 0.522472 0.484751 0.126806 0.141252
0 0.603531 0.536116 0.125201 0.125201
0 0.536918 0.630819 0.120385 0.128411
0 0.522472 0.717496 0.107544 0.109149
0 0.732745 0.738363 0.130016 0.121990
0 0.627608 0.641252 0.099518 0.120385
0 0.720706 0.605136 0.102729 0.128411
0 0.808186 0.671750 0.113965 0.107544
0 0.709470 0.457464 0.118780 0.128411
0 0.646870 0.355538 0.141252 0.130016
0 0.563403 0.409310 0.105939 0.102729
0 0.941413 0.678170 0.107544 0.126806
0 0.581059 0.768860 0.128411 0.067416
0 0.219904 0.593900 0.096308 0.131621
0 0.824238 0.443820 0.126806 0.110754
0 0.969502 0.475120 0.060995 0.099518
0 0.741573 0.296148 0.125201 0.085072
0 0.479936 0.317817 0.128411 0.112360
0 0.902087 0.302568 0.089888 0.091493
0 0.838684 0.286517 0.078652 0.062600
0 0.921348 0.524077 0.073836 0.094703
0 0.943018 0.370787 0.085072 0.099518
