0 0.527837 0.772396 0.404711 0.232292
0 0.228051 0.852083 0.451820 0.158333
0 0.656317 0.897396 0.374732 0.067708
0 0.319058 0.717708 0.256959 0.160417
0 0.418630 0.589583 0.254818 0.131250
0 0.053533 0.690625 0.102784 0.154167
0 0.899358 0.847917 0.201285 0.122917
0 0.808351 0.735417 0.190578 0.100000
0 0.935760 0.713021 0.128480 0.128125
0 0.645610 0.539062 0.237687 0.105208
0 0.602784 0.648958 0.246253 0.102083
0 0.926124 0.566146 0.147752 0.098958
0 0.064240 0.596354 0.124197 0.092708
0 0.209850 0.638542 0.201285 0.093750
0 0.358672 0.503125 0.152034 0.075000
0 0.275161 0.586458 0.113490 0.079167
0 0.511777 0.490625 0.149893 0.060417
0 0.613490 0.474479 0.122056 0.053125
0 0.752677 0.485417 0.143469 0.060417
0 0.715203 0.643229 0.154176 0.086458
0 0.767666 0.615104 0.164882 0.069792
0 0.873662 0.669271 0.162741 0.065625
0 0.191649 0.510417 0.130621 0.064583
0 0.794433 0.566667 0.128480 0.064583
0 0.214133 0.452083 0.141328 0.058333
0 0.053533 0.465625 0.102784 0.070833
0 0.076017 0.514062 0.147752 0.057292
0 0.116702 0.416667 0.113490 0.060417
0 0.028908 0.390625 0.053533 0.050000
0 0.340471 0.441667 0.119914 0.056250
0 0.498929 0.443229 0.128480 0.048958
0 0.704497 0.437500 0.115632 0.045833
0 0.815846 0.451042 0.102784 0.045833
0 0.831906 0.500521 0.074946 0.057292
0 0.970021 0.496875 0.059957 0.050000
0 0.254818 0.413542 0.055675 0.029167
0 0.314775 0.409896 0.064240 0.026042
0 0.133833 0.383854 0.066381 0.028125
0 0.379015 0.383333 0.064240 0.029167
0 0.255889 0.386979 0.053533 0.023958
0 0.295503 0.388021 0.055675 0.026042
0 0.453961 0.416146 0.085653 0.023958
0 0.442184 0.396875 0.070664 0.020833
0 0.504283 0.402083 0.062099 0.027083
0 0.559957 0.419792 0.087794 0.020833
0 0.638116 0.430208 0.077088 0.037500
