1 0.258203 0.544652 0.117969 0.150571
1 0.447266 0.646417 0.125781 0.173416
1 0.366016 0.538422 0.097656 0.146417
1 0.476562 0.523884 0.114062 0.136033
1 0.662891 0.595016 0.107031 0.157840
1 0.757031 0.545171 0.117188 0.164071
1 0.626953 0.437175 0.117969 0.139148
1 0.408984 0.394081 0.102344 0.146417
1 0.517969 0.406023 0.125000 0.130841
1 0.291797 0.397715 0.133594 0.132918
1 0.229297 0.319315 0.113281 0.140187
1 0.349609 0.301142 0.089844 0.145379
1 0.558594 0.312046 0.100000 0.142264
1 0.565625 0.219107 0.092188 0.128764
1 0.665234 0.244548 0.096094 0.136033
1 0.659766 0.130841 0.092969 0.118380
1 0.779297 0.084112 0.099219 0.147456
