1 0.193359 0.538941 0.146094 0.151610
1 0.307812 0.549844 0.125000 0.156802
1 0.369531 0.708723 0.145313 0.171340
1 0.464844 0.619418 0.123438 0.158879
1 0.597266 0.642783 0.135156 0.170301
1 0.542969 0.498962 0.117188 0.152648
1 0.729688 0.415888 0.114062 0.167186
1 0.780078 0.311526 0.127344 0.153686
1 0.420703 0.442887 0.114844 0.165109
1 0.300781 0.413811 0.120313 0.142264
1 0.517969 0.372793 0.109375 0.168224
1 0.619531 0.320353 0.110937 0.142264
1 0.507422 0.264278 0.111719 0.156802
1 0.447656 0.174455 0.109375 0.147456
1 0.541406 0.115784 0.104688 0.163032
1 0.485938 0.046729 0.100000 0.091381
