0 0.184320 0.317578 0.142264 0.102344
0 0.316199 0.331250 0.119418 0.093750
0 0.260125 0.389062 0.104881 0.078125
0 0.370197 0.363672 0.109034 0.082031
0 0.370717 0.470313 0.076843 0.068750
0 0.369159 0.531250 0.079958 0.067187
0 0.644341 0.413281 0.104881 0.065625
0 0.605919 0.341016 0.129803 0.089844
0 0.693146 0.471094 0.121495 0.103125
0 0.373313 0.277734 0.125649 0.089844
0 0.438214 0.260156 0.105919 0.084375
0 0.349429 0.199609 0.115265 0.096094
0 0.179128 0.258594 0.140187 0.068750
0 0.753375 0.344531 0.052960 0.037500
0 0.818276 0.321484 0.056075 0.053906
