0 0.277778 0.508594 0.090343 0.075000
0 0.340083 0.441797 0.079958 0.074219
0 0.413811 0.501953 0.082035 0.075781
0 0.631360 0.353906 0.120457 0.095312
0 0.792835 0.495312 0.084112 0.076563
0 0.754933 0.319531 0.137072 0.100000
0 0.290239 0.335156 0.067497 0.065625
0 0.290758 0.263672 0.074766 0.074219
0 0.247144 0.290234 0.056075 0.057031
0 0.360332 0.324219 0.074766 0.059375
0 0.375909 0.365625 0.062305 0.048438
0 0.388370 0.272656 0.070613 0.057813
0 0.619938 0.403516 0.087227 0.060156
0 0.690550 0.385156 0.080997 0.064062
0 0.838006 0.352734 0.043614 0.044531
0 0.844237 0.397656 0.041537 0.035937
