1 0.490731 0.506696 0.194111 0.236607
1 0.282988 0.790179 0.173391 0.273810
1 0.501636 0.777530 0.202835 0.266369
1 0.622683 0.637649 0.154853 0.215774
1 0.354962 0.612351 0.134133 0.221726
1 0.396947 0.438244 0.098146 0.194940
1 0.741003 0.715030 0.162486 0.224702
1 0.615049 0.904762 0.196292 0.190476
1 0.435115 0.923363 0.172301 0.153274
1 0.276990 0.546875 0.117775 0.168155
1 0.332606 0.396577 0.146129 0.188988
1 0.164667 0.316220 0.159215 0.188988
1 0.619411 0.447173 0.130862 0.188988
1 0.763904 0.518601 0.153762 0.209821
1 0.879498 0.605655 0.136314 0.187500
1 0.826063 0.856399 0.166848 0.215774
1 0.931843 0.787202 0.134133 0.172619
1 0.941658 0.926339 0.116685 0.147321
1 0.145583 0.924107 0.214831 0.151786
1 0.281352 0.186756 0.109051 0.147321
1 0.180480 0.196429 0.125409 0.136905
1 0.233915 0.077381 0.125409 0.142857
1 0.358779 0.093750 0.091603 0.127976
1 0.446565 0.131696 0.103599 0.141369
1 0.511450 0.287202 0.191930 0.247024
1 0.601418 0.232143 0.138495 0.235119
1 0.696292 0.219494 0.138495 0.183036
1 0.639040 0.083333 0.102508 0.142857
1 0.514722 0.049851 0.109051 0.096726
1 0.699019 0.052083 0.093784 0.101190
1 0.770992 0.233631 0.104689 0.169643
1 0.699019 0.375744 0.117775 0.141369
1 0.870229 0.353423 0.122137 0.156250
1 0.810796 0.148810 0.092694 0.130952
1 0.937296 0.160714 0.114504 0.122024
1 0.875136 0.220238 0.075245 0.116071
1 0.932388 0.325893 0.095965 0.130952
1 0.952017 0.571429 0.095965 0.166667
1 0.940022 0.427827 0.104689 0.150298
1 0.847328 0.107143 0.098146 0.113095
1 0.757361 0.038690 0.055616 0.074405
1 0.211014 0.595982 0.090513 0.168155
1 0.214286 0.461310 0.112323 0.116071
1 0.284079 0.327381 0.121047 0.151786
1 0.858779 0.031994 0.101418 0.061012
1 0.147219 0.096726 0.078517 0.122024
1 0.770992 0.965030 0.148310 0.069940
1 0.953108 0.288690 0.093784 0.133929
