1 0.688965 0.686849 0.133789 0.121094
1 0.751953 0.804688 0.123047 0.138021
1 0.840820 0.669271 0.123047 0.182292
1 0.760742 0.608073 0.115234 0.140625
1 0.777832 0.466146 0.098633 0.145833
1 0.855469 0.544271 0.083984 0.117188
1 0.958984 0.555339 0.082031 0.144531
1 0.964844 0.706380 0.070312 0.178385
1 0.857910 0.807943 0.118164 0.167969
1 0.763184 0.934896 0.094727 0.122396
1 0.949219 0.921875 0.101562 0.156250
1 0.664551 0.875000 0.110352 0.140625
1 0.580078 0.805339 0.103516 0.121094
1 0.541504 0.728516 0.086914 0.108073
1 0.605957 0.684896 0.086914 0.119792
1 0.835938 0.972005 0.105469 0.050781
1 0.427734 0.864583 0.103516 0.096354
1 0.572754 0.915365 0.096680 0.106771
1 0.437500 0.781901 0.089844 0.110677
1 0.484863 0.666016 0.069336 0.128906
1 0.546387 0.537109 0.100586 0.102865
1 0.625488 0.539714 0.071289 0.128906
1 0.751465 0.349609 0.100586 0.118490
1 0.844727 0.397135 0.091797 0.111979
1 0.695312 0.414714 0.109375 0.121094
1 0.816406 0.281901 0.093750 0.126302
1 0.740723 0.223958 0.122070 0.111979
1 0.848145 0.191406 0.100586 0.156250
1 0.605957 0.272135 0.118164 0.096354
1 0.678223 0.292969 0.073242 0.111979
1 0.578125 0.442708 0.105469 0.111979
1 0.620605 0.363932 0.102539 0.105469
1 0.962402 0.438151 0.075195 0.102865
1 0.970215 0.321615 0.059570 0.138021
1 0.958496 0.187500 0.079102 0.135417
1 0.478027 0.395182 0.051758 0.115885
1 0.323730 0.629557 0.086914 0.076823
1 0.337891 0.761719 0.076172 0.085938
1 0.288086 0.938802 0.078125 0.093750
1 0.332520 0.888672 0.069336 0.063802
1 0.317383 0.816406 0.070312 0.088542
1 0.291504 0.569661 0.071289 0.084635
1 0.361328 0.564453 0.064453 0.071615
1 0.410645 0.518229 0.069336 0.096354
1 0.410645 0.611979 0.075195 0.078125
1 0.358398 0.503255 0.048828 0.074219
1 0.388672 0.390625 0.052734 0.085938
1 0.427734 0.352865 0.070312 0.083333
1 0.423828 0.438802 0.060547 0.078125
1 0.181641 0.652995 0.039062 0.095052
1 0.109375 0.691406 0.046875 0.067708
1 0.055664 0.705729 0.054688 0.078125
1 0.116211 0.535807 0.042969 0.076823
1 0.178223 0.559896 0.055664 0.080729
1 0.497070 0.229818 0.080078 0.108073
1 0.554688 0.128255 0.082031 0.175781
1 0.619141 0.074219 0.078125 0.119792
1 0.750000 0.098307 0.132812 0.121094
1 0.826660 0.048177 0.122070 0.093750
1 0.969238 0.106120 0.061523 0.115885
1 0.265137 0.380859 0.088867 0.079427
1 0.253418 0.494141 0.053711 0.087240
1 0.298340 0.308594 0.057617 0.119792
1 0.188477 0.486328 0.066406 0.084635
1 0.134277 0.737630 0.053711 0.082031
1 0.066895 0.429688 0.049805 0.065104
1 0.194336 0.333333 0.060547 0.065104
1 0.189941 0.406901 0.067383 0.089844
1 0.077148 0.285156 0.050781 0.091146
1 0.511719 0.917318 0.054688 0.113281
1 0.536133 0.849609 0.070312 0.092448
1 0.508301 0.770182 0.059570 0.097656
1 0.425781 0.658854 0.054688 0.065104
1 0.621094 0.196615 0.101562 0.088542
1 0.479492 0.149089 0.048828 0.079427
1 0.446777 0.078125 0.045898 0.091146
1 0.413574 0.277344 0.063477 0.078125
1 0.347168 0.358073 0.063477 0.078125
1 0.315430 0.417318 0.054688 0.069010
1 0.308105 0.495443 0.053711 0.082031
1 0.261230 0.268880 0.053711 0.055990
1 0.244141 0.316406 0.056641 0.057292
1 0.194336 0.276042 0.046875 0.062500
1 0.358398 0.291667 0.058594 0.070312
1 0.070312 0.369792 0.031250 0.059896
1 0.104492 0.449219 0.039062 0.062500
1 0.108398 0.801432 0.052734 0.061198
1 0.153809 0.799479 0.045898 0.059896
1 0.229980 0.739583 0.045898 0.083333
1 0.225098 0.670573 0.045898 0.067708
1 0.216309 0.607422 0.043945 0.063802
1 0.248047 0.628255 0.050781 0.097656
1 0.279785 0.748047 0.063477 0.074219
1 0.296875 0.690755 0.072266 0.089844
1 0.034668 0.665365 0.043945 0.054688
1 0.053711 0.634766 0.042969 0.055990
1 0.075195 0.591797 0.039062 0.048177
1 0.106934 0.598958 0.036133 0.062500
1 0.150391 0.516276 0.046875 0.079427
1 0.396973 0.932292 0.073242 0.088542
1 0.199219 0.726562 0.044922 0.083333
1 0.169922 0.723958 0.037109 0.057292
1 0.403320 0.073568 0.048828 0.074219
1 0.432129 0.029297 0.079102 0.055990
1 0.489258 0.037760 0.054688 0.072917
1 0.530762 0.014974 0.051758 0.027344
1 0.713379 0.047526 0.129883 0.092448
1 0.696777 0.530599 0.106445 0.123698
1 0.057617 0.519531 0.054688 0.059896
1 0.456543 0.535156 0.069336 0.101562
