1 0.242647 0.892442 0.070261 0.116279
1 0.183824 0.954942 0.066993 0.090116
1 0.047386 0.899709 0.075163 0.107558
1 0.102124 0.805233 0.066993 0.110465
1 0.034314 0.806686 0.062092 0.107558
1 0.433007 0.954942 0.094771 0.090116
1 0.451797 0.869186 0.086601 0.151163
1 0.590686 0.943314 0.106209 0.113372
1 0.550654 0.691860 0.084967 0.145349
1 0.695261 0.617733 0.083333 0.165698
1 0.708333 0.792151 0.112745 0.159884
1 0.798203 0.728198 0.086601 0.154070
1 0.883987 0.805233 0.117647 0.191860
1 0.788399 0.890988 0.106209 0.177326
1 0.896242 0.944767 0.106209 0.110465
1 0.024510 0.574128 0.045752 0.084302
1 0.247549 0.643895 0.057190 0.101744
1 0.286765 0.734012 0.073529 0.107558
1 0.219771 0.809593 0.063725 0.090116
1 0.417484 0.539244 0.076797 0.119186
1 0.602941 0.462209 0.068627 0.127907
1 0.672386 0.515988 0.080065 0.136628
1 0.750000 0.510174 0.078431 0.113372
1 0.781863 0.600291 0.086601 0.119186
1 0.835784 0.542151 0.083333 0.113372
1 0.861928 0.639535 0.086601 0.122093
1 0.957516 0.748547 0.084967 0.130814
1 0.955065 0.658430 0.083333 0.107558
1 0.597222 0.375000 0.060458 0.093023
1 0.370915 0.824128 0.081699 0.119186
1 0.196895 0.559593 0.057190 0.090116
1 0.234477 0.500000 0.047386 0.093023
1 0.360294 0.750000 0.063725 0.104651
1 0.388889 0.672965 0.055556 0.090116
1 0.306373 0.619186 0.060458 0.104651
1 0.267157 0.444767 0.050654 0.087209
1 0.156863 0.515988 0.049020 0.084302
1 0.156046 0.441860 0.047386 0.075581
1 0.079248 0.411337 0.047386 0.084302
1 0.363562 0.482558 0.060458 0.087209
1 0.435458 0.478198 0.060458 0.084302
1 0.859477 0.484012 0.075163 0.101744
1 0.888072 0.441860 0.066993 0.093023
1 0.481209 0.520349 0.047386 0.075581
1 0.073529 0.473837 0.049020 0.087209
1 0.485294 0.702035 0.058824 0.113372
1 0.446895 0.694767 0.044118 0.093023
1 0.660948 0.386628 0.060458 0.098837
1 0.625817 0.696221 0.062092 0.101744
1 0.766340 0.417151 0.065359 0.066860
1 0.749183 0.382267 0.060458 0.078488
1 0.692810 0.297965 0.049020 0.072674
1 0.729575 0.327035 0.053922 0.061047
1 0.535131 0.379360 0.050654 0.084302
1 0.455882 0.438953 0.042484 0.075581
0 0.165850 0.786337 0.063725 0.095930
0 0.143791 0.719477 0.075163 0.095930
0 0.068627 0.659884 0.065359 0.098837
0 0.075163 0.734012 0.058824 0.090116
0 0.074346 0.572674 0.057190 0.081395
0 0.034314 0.514535 0.062092 0.075581
0 0.029412 0.422965 0.055556 0.095930
0 0.157680 0.617733 0.050654 0.084302
0 0.120915 0.379360 0.049020 0.072674
0 0.537582 0.864826 0.088235 0.148256
0 0.322712 0.462209 0.040850 0.116279
0 0.916667 0.376453 0.068627 0.107558
1 0.619281 0.616279 0.065359 0.098837
1 0.508987 0.595930 0.060458 0.104651
1 0.836601 0.315407 0.058824 0.072674
1 0.980392 0.406977 0.039216 0.116279
1 0.918301 0.571221 0.081699 0.101744
1 0.248366 0.966570 0.075163 0.066860
0 0.122549 0.889535 0.081699 0.133721
0 0.027778 0.338663 0.042484 0.066860
0 0.833333 0.392442 0.071895 0.110465
