1 0.532680 0.758578 0.124183 0.134804
1 0.437092 0.763480 0.106209 0.139706
1 0.651961 0.736520 0.120915 0.090686
1 0.348856 0.774510 0.070261 0.112745
1 0.274510 0.765931 0.084967 0.090686
1 0.398693 0.634804 0.055556 0.093137
1 0.566993 0.621324 0.062092 0.105392
1 0.725490 0.716912 0.104575 0.095588
1 0.866013 0.737745 0.107843 0.102941
1 0.698529 0.634804 0.099673 0.078431
1 0.794935 0.593137 0.076797 0.122549
1 0.647876 0.492647 0.066993 0.088235
1 0.716503 0.540441 0.057190 0.085784
1 0.598039 0.572304 0.052288 0.090686
1 0.459150 0.629902 0.062092 0.107843
1 0.283497 0.656863 0.073529 0.078431
1 0.296569 0.585784 0.080065 0.078431
1 0.351307 0.523284 0.068627 0.085784
1 0.516340 0.496324 0.071895 0.095588
1 0.342320 0.658088 0.070261 0.095588
1 0.228758 0.509804 0.071895 0.078431
1 0.406046 0.481618 0.053922 0.071078
1 0.290033 0.504902 0.063725 0.078431
1 0.327614 0.450980 0.057190 0.083333
1 0.245098 0.735294 0.071895 0.098039
1 0.207516 0.713235 0.071895 0.068627
1 0.221405 0.671569 0.066993 0.049020
1 0.629902 0.441176 0.076797 0.078431
1 0.590686 0.519608 0.057190 0.088235
1 0.231209 0.611520 0.060458 0.080882
1 0.363562 0.404412 0.044118 0.078431
1 0.496732 0.414216 0.062092 0.078431
1 0.449346 0.453431 0.052288 0.073529
1 0.554739 0.465686 0.057190 0.063725
1 0.860294 0.613971 0.070261 0.066176
1 0.810458 0.694853 0.091503 0.061275
1 0.871732 0.665441 0.060458 0.075980
1 0.675654 0.425245 0.073529 0.085784
1 0.382353 0.368873 0.045752 0.066176
1 0.281046 0.428922 0.045752 0.073529
