1 0.638158 0.841004 0.203947 0.284519
1 0.562500 0.481172 0.223684 0.217573
1 0.764803 0.667364 0.213816 0.213389
1 0.297697 0.907950 0.233553 0.175732
1 0.215461 0.769874 0.200658 0.225941
1 0.350329 0.725941 0.154605 0.230126
1 0.424342 0.832636 0.157895 0.158996
1 0.498355 0.905858 0.161184 0.188285
1 0.092105 0.899582 0.177632 0.192469
1 0.116776 0.516736 0.148026 0.179916
1 0.319079 0.518828 0.197368 0.209205
1 0.233553 0.374477 0.171053 0.230126
1 0.493421 0.328452 0.184211 0.230126
1 0.726974 0.330544 0.230263 0.184100
1 0.682566 0.472803 0.121711 0.192469
1 0.832237 0.566946 0.210526 0.205021
1 0.810855 0.872385 0.161184 0.205021
1 0.942434 0.851464 0.115132 0.146444
1 0.929276 0.949791 0.141447 0.100418
1 0.375000 0.313808 0.138158 0.184100
1 0.065789 0.370293 0.125000 0.196653
1 0.172697 0.217573 0.180921 0.209205
1 0.044408 0.131799 0.082237 0.238494
1 0.562500 0.115063 0.157895 0.213389
1 0.319079 0.135983 0.131579 0.196653
1 0.409539 0.177824 0.128289 0.138075
1 0.763158 0.232218 0.263158 0.221757
1 0.843750 0.443515 0.174342 0.167364
1 0.922697 0.332636 0.121711 0.205021
1 0.968750 0.566946 0.062500 0.238494
1 0.222039 0.071130 0.101974 0.133891
1 0.715461 0.085774 0.161184 0.163180
1 0.065789 0.041841 0.125000 0.075314
1 0.919408 0.064854 0.148026 0.121339
1 0.485197 0.675732 0.161184 0.213389
1 0.429276 0.094142 0.115132 0.104603
1 0.453947 0.033473 0.118421 0.058577
1 0.865132 0.746862 0.105263 0.146444
1 0.054276 0.661088 0.101974 0.150628
1 0.093750 0.736402 0.108553 0.150628
1 0.593750 0.702929 0.180921 0.209205
