1 0.095611 0.277083 0.184953 0.295833
1 0.026646 0.697917 0.047022 0.254167
1 0.101881 0.612500 0.197492 0.375000
1 0.272727 0.500000 0.257053 0.308333
1 0.197492 0.825000 0.231975 0.308333
1 0.100313 0.908333 0.194357 0.183333
1 0.463950 0.587500 0.294671 0.366667
1 0.504702 0.825000 0.282132 0.350000
1 0.680251 0.550000 0.300940 0.350000
1 0.738245 0.847917 0.235110 0.304167
1 0.920063 0.812500 0.159875 0.250000
1 0.827586 0.637500 0.137931 0.266667
1 0.769592 0.335417 0.291536 0.287500
1 0.387147 0.212500 0.316614 0.325000
1 0.145768 0.187500 0.178683 0.341667
1 0.277429 0.077083 0.247649 0.145833
1 0.550157 0.181250 0.178683 0.304167
1 0.775862 0.160417 0.253918 0.312500
1 0.957680 0.331250 0.084639 0.345833
1 0.948276 0.612500 0.103448 0.183333
1 0.967085 0.097917 0.065831 0.187500
1 0.307210 0.891667 0.213166 0.216667
