1 0.162097 0.417204 0.220968 0.270968
1 0.175000 0.787097 0.237097 0.339785
1 0.326613 0.611828 0.220968 0.286022
1 0.587097 0.605376 0.219355 0.333333
1 0.441129 0.847312 0.220968 0.288172
1 0.666129 0.888172 0.261290 0.223656
1 0.780645 0.724731 0.190323 0.258065
1 0.519355 0.353763 0.174194 0.234409
1 0.750806 0.452688 0.224194 0.329032
1 0.056452 0.693548 0.109677 0.247312
1 0.040323 0.474194 0.077419 0.230108
1 0.033065 0.216129 0.062903 0.225806
1 0.153226 0.254839 0.187097 0.251613
1 0.072581 0.052688 0.122581 0.101075
1 0.404032 0.260215 0.201613 0.253763
1 0.298387 0.222581 0.135484 0.208602
1 0.265323 0.067742 0.169355 0.131183
1 0.477419 0.146237 0.170968 0.197849
1 0.600000 0.072043 0.167742 0.139785
1 0.766935 0.079570 0.185484 0.154839
1 0.849194 0.240860 0.220968 0.249462
1 0.928226 0.643011 0.143548 0.266667
1 0.895161 0.891398 0.209677 0.217204
1 0.300000 0.405376 0.135484 0.191398
1 0.635484 0.305376 0.148387 0.154839
1 0.632258 0.173118 0.138710 0.148387
1 0.068548 0.947312 0.133871 0.105376
