1 0.540417 0.489630 0.085833 0.158519
1 0.612917 0.485926 0.087500 0.151111
1 0.909583 0.651852 0.069167 0.130370
1 0.969583 0.690370 0.057500 0.118519
1 0.821667 0.336296 0.053333 0.082963
1 0.428750 0.582963 0.090833 0.128889
1 0.377500 0.477778 0.071667 0.108148
1 0.812083 0.649630 0.065833 0.114074
1 0.650000 0.741481 0.113333 0.122963
1 0.708750 0.735556 0.077500 0.128889
0 0.420833 0.720741 0.086667 0.158519
0 0.537500 0.782222 0.108333 0.180741
0 0.368750 0.574074 0.079167 0.105185
0 0.308750 0.465185 0.067500 0.094815
0 0.686667 0.377778 0.046667 0.080000
0 0.270833 0.573333 0.121667 0.148148
0 0.252917 0.718519 0.114167 0.174815
0 0.172917 0.677778 0.084167 0.149630
0 0.907083 0.377037 0.070833 0.090370
0 0.657917 0.611852 0.059167 0.130370
1 0.728333 0.551852 0.066667 0.087407
1 0.524167 0.391111 0.081667 0.115556
1 0.597500 0.400000 0.051667 0.094815
1 0.595833 0.397037 0.051667 0.094815
1 0.780417 0.442222 0.065833 0.099259
1 0.895833 0.494815 0.053333 0.094815
1 0.951667 0.416296 0.073333 0.109630
1 0.867917 0.258519 0.052500 0.069630
1 0.913750 0.244444 0.044167 0.071111
1 0.936667 0.328148 0.055000 0.096296
