1 0.109167 0.674489 0.216667 0.261131
1 0.030000 0.403730 0.058333 0.229844
1 0.200000 0.336342 0.170000 0.150421
1 0.223333 0.576414 0.146667 0.182912
1 0.295000 0.452467 0.151667 0.166065
1 0.195417 0.786402 0.120833 0.193742
1 0.286250 0.963899 0.150833 0.072202
1 0.283333 0.739471 0.108333 0.135981
1 0.306250 0.860409 0.117500 0.125150
1 0.444583 0.679904 0.117500 0.192539
1 0.416667 0.540915 0.111667 0.150421
1 0.534167 0.654633 0.091667 0.141998
1 0.476250 0.815283 0.124167 0.145608
1 0.537083 0.895307 0.100833 0.156438
1 0.440417 0.939832 0.124167 0.120337
1 0.160000 0.921179 0.201667 0.157641
1 0.158333 0.918773 0.201667 0.157641
1 0.049167 0.895307 0.096667 0.209386
1 0.307917 0.605897 0.092500 0.174489
1 0.516667 0.506017 0.138333 0.164862
1 0.524167 0.367028 0.098333 0.182912
1 0.405833 0.399519 0.128333 0.139591
1 0.283750 0.291215 0.109167 0.173285
1 0.122083 0.192539 0.155833 0.199759
1 0.160833 0.068592 0.148333 0.134777
1 0.022500 0.156438 0.043333 0.245487
1 0.472500 0.087846 0.123333 0.173285
1 0.553333 0.214200 0.131667 0.151625
1 0.438750 0.262335 0.122500 0.178099
1 0.373750 0.169675 0.125833 0.154031
1 0.653333 0.369434 0.090000 0.137184
1 0.644167 0.501203 0.078333 0.109507
1 0.657917 0.640193 0.080833 0.156438
1 0.609167 0.755716 0.120000 0.110710
1 0.567917 0.696149 0.092500 0.128761
1 0.738750 0.640794 0.075833 0.114320
1 0.739583 0.737064 0.084167 0.092659
1 0.657500 0.838147 0.083333 0.123947
1 0.639167 0.943442 0.091667 0.113117
1 0.749583 0.956679 0.092500 0.086643
1 0.749583 0.868833 0.067500 0.096270
1 0.719583 0.373045 0.052500 0.103490
1 0.697500 0.129362 0.110000 0.099880
1 0.670000 0.250903 0.073333 0.116727
1 0.740000 0.311071 0.070000 0.107100
1 0.725833 0.474128 0.060000 0.091456
1 0.716250 0.562575 0.074167 0.097473
1 0.758750 0.518051 0.050833 0.102286
1 0.851667 0.854994 0.071667 0.083032
1 0.878333 0.700963 0.081667 0.090253
1 0.363333 0.651023 0.083333 0.137184
1 0.373333 0.778580 0.096667 0.127557
1 0.845417 0.524067 0.072500 0.123947
1 0.797917 0.648014 0.055833 0.085439
1 0.773333 0.599278 0.046667 0.069795
1 0.793750 0.738267 0.045833 0.090253
1 0.800833 0.806258 0.051667 0.074609
1 0.790417 0.886883 0.042500 0.077016
1 0.812917 0.948255 0.040833 0.067389
1 0.856250 0.919374 0.045833 0.069795
1 0.857083 0.780385 0.057500 0.073406
1 0.796250 0.357401 0.050833 0.084236
1 0.763333 0.410349 0.061667 0.098676
1 0.782083 0.275572 0.059167 0.081829
1 0.803750 0.212395 0.057500 0.102286
1 0.728750 0.191937 0.072500 0.111913
1 0.627917 0.057160 0.087500 0.111913
1 0.712917 0.042720 0.084167 0.083032
1 0.837083 0.385078 0.049167 0.086643
1 0.799583 0.436221 0.040833 0.087846
1 0.850000 0.309266 0.060000 0.077016
1 0.880833 0.616125 0.065000 0.081829
1 0.926250 0.433213 0.055833 0.067389
1 0.956250 0.389892 0.042500 0.062575
1 0.931667 0.313478 0.050000 0.070999
1 0.928750 0.247894 0.057500 0.064982
1 0.849583 0.220818 0.059167 0.075812
1 0.853333 0.107100 0.093333 0.089049
1 0.837083 0.036101 0.085833 0.069795
1 0.921250 0.194344 0.054167 0.058965
1 0.933750 0.148014 0.054167 0.064982
1 0.918750 0.925993 0.069167 0.095066
1 0.888333 0.777377 0.043333 0.069795
1 0.596667 0.632371 0.051667 0.092659
