1 0.228431 0.863235 0.111765 0.161765
1 0.374510 0.705882 0.101961 0.152941
1 0.046078 0.689706 0.088235 0.161765
1 0.050000 0.855882 0.096078 0.176471
1 0.099020 0.925000 0.123529 0.150000
1 0.559804 0.632353 0.103922 0.158824
1 0.095098 0.444118 0.088235 0.129412
1 0.048039 0.592647 0.092157 0.108824
1 0.045098 0.245588 0.086275 0.120588
1 0.089216 0.327941 0.084314 0.120588
1 0.167647 0.276471 0.076471 0.094118
1 0.254902 0.289706 0.078431 0.097059
1 0.298039 0.261765 0.082353 0.105882
1 0.284314 0.561765 0.105882 0.152941
1 0.341176 0.454412 0.101961 0.138235
1 0.392157 0.558824 0.101961 0.147059
1 0.453922 0.647059 0.088235 0.147059
1 0.587255 0.923529 0.119608 0.152941
1 0.755882 0.904412 0.111765 0.161765
1 0.855882 0.820588 0.115686 0.147059
1 0.439216 0.776471 0.086275 0.105882
1 0.495098 0.742647 0.076471 0.126471
1 0.557843 0.117647 0.080392 0.117647
1 0.665686 0.491176 0.096078 0.158824
1 0.833333 0.457353 0.094118 0.155882
1 0.948039 0.692647 0.103922 0.150000
1 0.640196 0.701471 0.084314 0.132353
1 0.770588 0.744118 0.086275 0.123529
1 0.747059 0.641176 0.090196 0.105882
1 0.186275 0.810294 0.098039 0.132353
1 0.176471 0.691176 0.094118 0.100000
1 0.068627 0.120588 0.070588 0.105882
1 0.139216 0.107353 0.074510 0.097059
1 0.210784 0.102941 0.072549 0.117647
1 0.172549 0.041176 0.070588 0.076471
1 0.879412 0.941176 0.092157 0.088235
1 0.480392 0.239706 0.066667 0.102941
1 0.458824 0.383824 0.082353 0.102941
1 0.433333 0.132353 0.062745 0.100000
1 0.286275 0.177941 0.074510 0.085294
1 0.634314 0.147059 0.064706 0.082353
1 0.643137 0.239706 0.074510 0.114706
1 0.573529 0.333824 0.068627 0.114706
1 0.574510 0.250000 0.066667 0.088235
1 0.593137 0.185294 0.064706 0.070588
1 0.605882 0.417647 0.078431 0.094118
1 0.569608 0.491176 0.096078 0.129412
1 0.850980 0.704412 0.094118 0.097059
1 0.921569 0.364706 0.101961 0.117647
1 0.930392 0.217647 0.080392 0.111765
1 0.725490 0.213235 0.074510 0.097059
1 0.762745 0.045588 0.070588 0.085294
1 0.859804 0.126471 0.076471 0.105882
1 0.535294 0.410294 0.062745 0.091176
1 0.581373 0.064706 0.068627 0.100000
1 0.680392 0.119118 0.058824 0.091176
1 0.762745 0.463235 0.066667 0.102941
1 0.744118 0.370588 0.096078 0.105882
1 0.767647 0.301471 0.068627 0.108824
1 0.835294 0.338235 0.074510 0.100000
1 0.360784 0.370588 0.082353 0.076471
1 0.368627 0.960294 0.125490 0.079412
1 0.378431 0.147059 0.043137 0.058824
0 0.186275 0.176471 0.066667 0.088235
0 0.151961 0.594118 0.100000 0.141176
0 0.225490 0.370588 0.090196 0.117647
0 0.156863 0.369118 0.074510 0.102941
0 0.556863 0.779412 0.105882 0.170588
0 0.659804 0.838235 0.100000 0.176471
0 0.956863 0.891176 0.086275 0.158824
0 0.255882 0.702941 0.088235 0.141176
0 0.485294 0.460294 0.072549 0.114706
0 0.655882 0.354412 0.076471 0.108824
0 0.830392 0.251471 0.072549 0.097059
0 0.740196 0.533824 0.076471 0.108824
0 0.916667 0.476471 0.080392 0.111765
0 0.923529 0.579412 0.078431 0.117647
0 0.834314 0.597059 0.100000 0.123529
0 0.975490 0.472059 0.049020 0.108824
0 0.035294 0.477941 0.066667 0.126471
0 0.264706 0.064706 0.058824 0.082353
0 0.374510 0.063235 0.050980 0.091176
0 0.490196 0.120588 0.058824 0.094118
0 0.473529 0.069118 0.064706 0.085294
0 0.629412 0.052941 0.050980 0.088235
0 0.348039 0.201471 0.060784 0.097059
0 0.794118 0.179412 0.074510 0.094118
0 0.106863 0.755882 0.072549 0.123529
0 0.696078 0.677941 0.074510 0.126471
0 0.699020 0.289706 0.060784 0.102941
0 0.119608 0.242647 0.066667 0.079412
