1 0.085449 0.712299 0.137695 0.221083
1 0.105957 0.513909 0.166992 0.289898
1 0.217773 0.800878 0.216797 0.260615
1 0.249023 0.515373 0.132812 0.193265
1 0.333496 0.549780 0.137695 0.224012
1 0.475098 0.628111 0.204102 0.254758
1 0.498535 0.409956 0.159180 0.266471
1 0.607422 0.585652 0.152344 0.245974
1 0.410645 0.827965 0.186523 0.206442
1 0.352539 0.945095 0.154297 0.109810
1 0.605469 0.796486 0.203125 0.222548
1 0.763184 0.812592 0.168945 0.207906
1 0.834961 0.699854 0.210938 0.193265
1 0.661621 0.478038 0.120117 0.183016
1 0.763672 0.560029 0.132812 0.218155
1 0.883301 0.307467 0.135742 0.172767
1 0.443359 0.308199 0.134766 0.191801
1 0.293945 0.380673 0.115234 0.146413
1 0.471680 0.187408 0.132812 0.193265
1 0.714844 0.189605 0.156250 0.174231
1 0.695312 0.347731 0.117188 0.165447
1 0.722168 0.938507 0.202148 0.122987
1 0.538574 0.944363 0.182617 0.105417
1 0.187988 0.950952 0.176758 0.098097
1 0.090332 0.913616 0.153320 0.172767
1 0.876953 0.887994 0.156250 0.224012
1 0.953613 0.713763 0.092773 0.159590
1 0.177246 0.082723 0.094727 0.162518
1 0.494141 0.059297 0.142578 0.115666
1 0.340820 0.124451 0.121094 0.181552
1 0.952148 0.368228 0.095703 0.162518
1 0.970703 0.637628 0.058594 0.124451
1 0.250488 0.277452 0.127930 0.144949
1 0.589355 0.128843 0.110352 0.163982
1 0.593262 0.267204 0.118164 0.142020
1 0.101074 0.208638 0.084961 0.109810
1 0.163086 0.241581 0.152344 0.190337
1 0.841309 0.117130 0.122070 0.187408
1 0.061523 0.170571 0.087891 0.112738
1 0.838379 0.431918 0.163086 0.152269
0 0.890137 0.547584 0.133789 0.190337
0 0.767090 0.079795 0.100586 0.106881
1 0.949707 0.202782 0.100586 0.177160
0 0.367676 0.446559 0.104492 0.140556
