1 0.248173 0.531798 0.132310 0.199561
1 0.187135 0.822368 0.134503 0.230263
1 0.353801 0.620066 0.138889 0.231360
1 0.499269 0.766996 0.156433 0.229167
1 0.428728 0.925439 0.141082 0.149123
1 0.347953 0.814693 0.146199 0.210526
1 0.116594 0.463816 0.125000 0.203947
1 0.068439 0.606360 0.136513 0.217105
1 0.228436 0.399671 0.113304 0.137061
1 0.337354 0.352522 0.122076 0.172149
1 0.092105 0.256031 0.124269 0.174342
1 0.031524 0.430921 0.062683 0.203947
1 0.068713 0.783443 0.119883 0.167763
1 0.138889 0.964912 0.163743 0.070175
1 0.200292 0.310307 0.114035 0.162281
1 0.224050 0.151316 0.116228 0.160088
1 0.379751 0.473684 0.133772 0.151316
1 0.493056 0.581689 0.149854 0.174342
1 0.642178 0.622259 0.132310 0.220395
1 0.600146 0.440241 0.121345 0.163377
1 0.735380 0.415022 0.105263 0.145833
1 0.707968 0.769737 0.104532 0.182018
1 0.800439 0.702851 0.112573 0.162281
1 0.791667 0.844846 0.147661 0.196272
1 0.729532 0.921601 0.133041 0.156798
1 0.877924 0.941338 0.157895 0.117325
1 0.923246 0.831140 0.131579 0.182018
1 0.889254 0.635417 0.138158 0.172149
1 0.843933 0.504386 0.111842 0.142544
1 0.865132 0.390899 0.109649 0.156798
1 0.956871 0.417215 0.084064 0.152412
1 0.685307 0.279605 0.103801 0.160088
1 0.548977 0.342105 0.123538 0.195175
1 0.381579 0.213816 0.095760 0.149123
1 0.467105 0.123355 0.116228 0.121711
1 0.517178 0.208882 0.097953 0.099781
1 0.416667 0.063185 0.088450 0.125822
1 0.632310 0.185855 0.108918 0.134868
1 0.568713 0.059896 0.089912 0.119243
1 0.652412 0.120614 0.100877 0.135965
1 0.806287 0.288925 0.136696 0.161184
1 0.812135 0.148026 0.094298 0.111842
1 0.753655 0.062089 0.092836 0.123629
1 0.965095 0.288925 0.069810 0.141447
1 0.752558 0.564145 0.096491 0.176535
1 0.271199 0.270285 0.084064 0.112939
1 0.225146 0.040159 0.088450 0.079770
1 0.258589 0.936266 0.124635 0.127467
1 0.194719 0.660362 0.136879 0.163925
1 0.280885 0.109101 0.066155 0.094298
1 0.351517 0.046053 0.077668 0.091557
1 0.500731 0.035636 0.090278 0.070724
1 0.683480 0.036595 0.074561 0.072643
1 0.671966 0.509046 0.069444 0.116776
