1 0.194083 0.747875 0.122500 0.215250
1 0.272667 0.634125 0.127667 0.172750
1 0.399083 0.777750 0.164500 0.181500
1 0.131750 0.719000 0.122500 0.175000
1 0.353083 0.586375 0.130500 0.144750
1 0.505667 0.565750 0.116667 0.214000
1 0.632083 0.601500 0.120167 0.181500
1 0.570833 0.737500 0.124000 0.214000
1 0.700250 0.722125 0.152167 0.183750
1 0.825250 0.694000 0.135500 0.199000
1 0.648417 0.479875 0.152833 0.159750
1 0.550167 0.365750 0.111667 0.144500
1 0.201250 0.568375 0.097833 0.104250
1 0.199333 0.499500 0.117333 0.157500
