1 0.376465 0.519531 0.182617 0.250000
1 0.430664 0.855469 0.171875 0.257812
1 0.156250 0.806641 0.185547 0.238281
1 0.592773 0.888021 0.177734 0.223958
1 0.697266 0.665365 0.183594 0.187500
1 0.522949 0.686198 0.170898 0.223958
1 0.545898 0.507161 0.177734 0.175781
1 0.551758 0.342448 0.183594 0.216146
1 0.814453 0.382812 0.171875 0.244792
1 0.918457 0.745443 0.163086 0.246094
1 0.931641 0.599609 0.134766 0.183594
1 0.846191 0.140625 0.176758 0.205729
1 0.943848 0.091797 0.112305 0.160156
1 0.906250 0.955729 0.183594 0.088542
1 0.775391 0.877604 0.212891 0.236979
1 0.673340 0.319010 0.110352 0.156250
1 0.574707 0.213542 0.163086 0.184896
1 0.685059 0.162109 0.133789 0.183594
1 0.799805 0.594401 0.154297 0.214844
1 0.948242 0.452474 0.103516 0.183594
1 0.369629 0.934245 0.196289 0.131510
0 0.142090 0.376302 0.159180 0.210938
0 0.295898 0.398438 0.154297 0.263021
0 0.409668 0.220052 0.165039 0.203125
0 0.249512 0.246745 0.168945 0.183594
0 0.071777 0.277995 0.141602 0.178385
0 0.280273 0.088542 0.167969 0.174479
0 0.331543 0.765625 0.182617 0.270833
0 0.606934 0.065755 0.127930 0.128906
1 0.465332 0.104818 0.153320 0.157552
1 0.071777 0.766927 0.141602 0.239583
1 0.022949 0.660807 0.043945 0.175781
1 0.773438 0.865885 0.216797 0.236979
1 0.959473 0.271484 0.081055 0.204427
1 0.060059 0.133464 0.118164 0.152344
