1 0.071045 0.879853 0.141113 0.240293
1 0.354492 0.893773 0.199219 0.212454
1 0.238525 0.789011 0.235840 0.295971
1 0.164551 0.676190 0.246094 0.234432
1 0.557129 0.915385 0.216797 0.169231
1 0.521973 0.813919 0.185547 0.171429
1 0.513672 0.672161 0.150391 0.207326
1 0.417969 0.621245 0.154297 0.225641
1 0.364502 0.494872 0.132324 0.183883
1 0.044189 0.623810 0.087402 0.223443
1 0.070801 0.452015 0.140625 0.254945
1 0.211426 0.506960 0.174805 0.169963
1 0.159424 0.330037 0.146973 0.236630
1 0.377441 0.384615 0.153320 0.149451
1 0.159180 0.188278 0.204102 0.190476
1 0.291016 0.124908 0.138672 0.248352
1 0.397949 0.203663 0.125977 0.205128
1 0.460449 0.125275 0.146484 0.152381
1 0.577148 0.265934 0.185547 0.194872
1 0.539551 0.484982 0.172852 0.193407
1 0.660156 0.454579 0.126953 0.198535
1 0.616943 0.625275 0.131348 0.213187
1 0.691895 0.745055 0.165039 0.189011
1 0.781250 0.562271 0.184570 0.261538
1 0.736572 0.906227 0.198730 0.187546
1 0.908936 0.844689 0.182129 0.240293
1 0.041504 0.233333 0.082031 0.160440
1 0.165527 0.069231 0.137695 0.136996
1 0.073730 0.081685 0.082031 0.136996
1 0.285645 0.325275 0.130859 0.137729
1 0.245850 0.414286 0.093262 0.103297
1 0.733154 0.255311 0.120605 0.204396
1 0.826660 0.360073 0.159180 0.198535
1 0.977051 0.556777 0.045898 0.209524
1 0.953857 0.381685 0.092285 0.174359
1 0.935059 0.132601 0.129883 0.196337
1 0.867920 0.093040 0.107910 0.146520
