1 0.180645 0.535484 0.338710 0.335484
1 0.213710 0.253763 0.224194 0.318280
1 0.401613 0.437634 0.251613 0.363441
1 0.158871 0.102151 0.314516 0.200000
1 0.066935 0.286022 0.130645 0.197849
1 0.100000 0.807527 0.196774 0.238710
1 0.262097 0.711828 0.301613 0.227957
1 0.065323 0.547312 0.127419 0.329032
1 0.168548 0.929032 0.324194 0.141935
1 0.387903 0.824731 0.224194 0.217204
1 0.658871 0.706452 0.211290 0.225806
1 0.554839 0.752688 0.158065 0.176344
1 0.525806 0.916129 0.141935 0.163441
1 0.679839 0.898925 0.146774 0.154839
1 0.400000 0.202151 0.167742 0.240860
1 0.408065 0.032258 0.209677 0.060215
1 0.539516 0.400000 0.140323 0.193548
1 0.671774 0.358065 0.195161 0.234409
1 0.702419 0.173118 0.159677 0.225806
1 0.727419 0.590323 0.151613 0.174194
1 0.766935 0.891398 0.153226 0.217204
1 0.618548 0.536559 0.211290 0.139785
1 0.543548 0.187097 0.158065 0.180645
1 0.621774 0.084946 0.153226 0.165591
1 0.801613 0.112903 0.177419 0.221505
1 0.795161 0.276344 0.135484 0.178495
