1 0.300987 0.914226 0.233553 0.171548
1 0.092105 0.901674 0.177632 0.196653
1 0.217105 0.759414 0.203947 0.255230
1 0.638158 0.841004 0.203947 0.284519
1 0.763158 0.667364 0.217105 0.221757
1 0.422697 0.830544 0.161184 0.154812
1 0.807566 0.880753 0.167763 0.221757
1 0.598684 0.705021 0.184211 0.213389
1 0.115132 0.523013 0.144737 0.192469
1 0.054276 0.663180 0.101974 0.154812
1 0.319079 0.514644 0.203947 0.209205
1 0.565789 0.483264 0.217105 0.213389
1 0.347039 0.715481 0.148026 0.217573
1 0.480263 0.663180 0.164474 0.171548
1 0.833882 0.562762 0.207237 0.196653
1 0.925987 0.949791 0.148026 0.100418
1 0.935855 0.853556 0.128289 0.142259
1 0.868421 0.753138 0.105263 0.150628
1 0.955592 0.748954 0.082237 0.108787
1 0.235197 0.374477 0.167763 0.230126
1 0.064145 0.372385 0.121711 0.200837
1 0.490132 0.328452 0.184211 0.230126
1 0.687500 0.481172 0.111842 0.200837
1 0.730263 0.328452 0.236842 0.179916
1 0.840461 0.435146 0.174342 0.158996
1 0.174342 0.221757 0.184211 0.209205
1 0.044408 0.138075 0.082237 0.242678
1 0.315789 0.138075 0.131579 0.200837
1 0.409539 0.175732 0.128289 0.142259
1 0.368421 0.313808 0.138158 0.184100
1 0.763158 0.225941 0.263158 0.209205
1 0.564145 0.117155 0.148026 0.209205
1 0.220395 0.073222 0.105263 0.138075
1 0.136513 0.062762 0.082237 0.117155
1 0.717105 0.085774 0.171053 0.163180
1 0.919408 0.324268 0.128289 0.221757
1 0.967105 0.554393 0.065789 0.213389
1 0.901316 0.173640 0.125000 0.121339
1 0.916118 0.069038 0.154605 0.129707
