1 0.504702 0.820833 0.282132 0.358333
1 0.100313 0.910417 0.194357 0.179167
1 0.319749 0.889583 0.250784 0.220833
1 0.200627 0.810417 0.244514 0.295833
1 0.101881 0.610417 0.197492 0.379167
1 0.098746 0.287500 0.191223 0.316667
1 0.277429 0.493750 0.266458 0.295833
1 0.448276 0.583333 0.269592 0.350000
1 0.678683 0.537500 0.297806 0.341667
1 0.744514 0.847917 0.235110 0.304167
1 0.923197 0.814583 0.153605 0.270833
1 0.771160 0.337500 0.294671 0.291667
1 0.822884 0.629167 0.141066 0.258333
1 0.388715 0.212500 0.319749 0.325000
1 0.777429 0.135417 0.263323 0.262500
1 0.550157 0.179167 0.178683 0.291667
1 0.957680 0.331250 0.084639 0.345833
1 0.145768 0.187500 0.197492 0.333333
1 0.278997 0.072917 0.244514 0.137500
