1 0.052734 0.847731 0.103516 0.128843
1 0.092285 0.797218 0.094727 0.109810
1 0.177246 0.761347 0.086914 0.117130
1 0.202148 0.816984 0.089844 0.105417
1 0.275879 0.842606 0.131836 0.130307
1 0.411133 0.862372 0.115234 0.161054
1 0.282227 0.703514 0.099609 0.130307
1 0.408691 0.693997 0.102539 0.163982
1 0.517090 0.826501 0.092773 0.124451
1 0.615234 0.846266 0.089844 0.108346
1 0.362305 0.614202 0.109375 0.139092
1 0.365723 0.524890 0.088867 0.118594
1 0.437988 0.439239 0.098633 0.155198
1 0.528320 0.544656 0.093750 0.134700
1 0.486816 0.657394 0.088867 0.128843
1 0.544922 0.682284 0.125000 0.134700
1 0.340332 0.774524 0.081055 0.081991
1 0.194336 0.669839 0.097656 0.109810
1 0.104980 0.714495 0.092773 0.105417
1 0.020508 0.786237 0.039062 0.087848
1 0.037598 0.680820 0.073242 0.125915
1 0.118652 0.655930 0.079102 0.081991
1 0.187500 0.594436 0.085938 0.090776
1 0.277832 0.571010 0.081055 0.093704
1 0.109375 0.521962 0.078125 0.112738
1 0.022949 0.589312 0.043945 0.086384
1 0.060547 0.577599 0.072266 0.092240
1 0.181152 0.521230 0.071289 0.093704
1 0.256348 0.531479 0.063477 0.093704
1 0.321289 0.482430 0.074219 0.115666
1 0.302246 0.428990 0.083008 0.114202
1 0.179199 0.456808 0.063477 0.090776
1 0.238770 0.472182 0.055664 0.089312
1 0.383789 0.430454 0.080078 0.105417
1 0.462891 0.590776 0.078125 0.086384
1 0.453125 0.551977 0.074219 0.102489
1 0.269043 0.392387 0.051758 0.064422
1 0.355957 0.384334 0.049805 0.054173
1 0.221191 0.415081 0.049805 0.039531
1 0.166992 0.411420 0.048828 0.070278
1 0.124512 0.453880 0.053711 0.035139
1 0.090820 0.433382 0.058594 0.058565
1 0.021484 0.530747 0.041016 0.042460
1 0.050781 0.510249 0.048828 0.042460
1 0.022949 0.486091 0.043945 0.058565
1 0.220703 0.379941 0.052734 0.042460
1 0.258301 0.340410 0.051758 0.060029
1 0.308594 0.344802 0.046875 0.074671
1 0.344727 0.336750 0.048828 0.061493
1 0.413574 0.343338 0.061523 0.054173
0 0.115234 0.393119 0.039062 0.054173
0 0.136230 0.405564 0.041992 0.055637
1 0.641113 0.724744 0.098633 0.128843
1 0.636719 0.651537 0.064453 0.070278
1 0.705566 0.653734 0.073242 0.062958
1 0.712402 0.710102 0.069336 0.079063
1 0.715332 0.799414 0.084961 0.122987
1 0.786621 0.783309 0.079102 0.120059
1 0.874023 0.800878 0.095703 0.125915
1 0.789551 0.695461 0.092773 0.108346
1 0.812012 0.618594 0.088867 0.133236
1 0.658691 0.587848 0.086914 0.103953
1 0.612305 0.456808 0.080078 0.117130
1 0.587402 0.525622 0.077148 0.093704
1 0.908203 0.678624 0.031250 0.086384
1 0.862793 0.578331 0.053711 0.076135
1 0.527344 0.408492 0.070312 0.079063
1 0.619141 0.385798 0.058594 0.054173
1 0.861816 0.527818 0.041992 0.048316
1 0.819824 0.497072 0.047852 0.060029
1 0.911621 0.571742 0.051758 0.062958
1 0.969727 0.620059 0.060547 0.080527
1 0.896973 0.515373 0.040039 0.046852
1 0.962402 0.560761 0.065430 0.046852
1 0.896973 0.489019 0.069336 0.055637
1 0.677246 0.469253 0.065430 0.089312
1 0.801758 0.448023 0.052734 0.052709
1 0.840820 0.422401 0.050781 0.065886
1 0.965820 0.528551 0.048828 0.046852
1 0.941895 0.765739 0.090820 0.111274
