1 0.094161 0.626645 0.187774 0.163377
1 0.082785 0.784722 0.165022 0.172149
1 0.076754 0.934302 0.141996 0.131396
1 0.732182 0.935947 0.308114 0.128107
1 0.583059 0.699836 0.313048 0.189145
1 0.912418 0.806835 0.175164 0.183845
1 0.283991 0.674525 0.253289 0.166667
1 0.110609 0.555281 0.206414 0.097770
1 0.725740 0.397844 0.256305 0.180556
1 0.679825 0.559028 0.229167 0.141813
1 0.876234 0.639072 0.247533 0.171053
1 0.903646 0.527869 0.192708 0.098867
1 0.935855 0.413925 0.128289 0.148392
1 0.395148 0.531615 0.240406 0.162281
1 0.541118 0.607365 0.216009 0.131031
1 0.129249 0.427814 0.233827 0.148392
1 0.082100 0.245066 0.163651 0.165570
1 0.086075 0.143458 0.171601 0.132310
1 0.258909 0.196729 0.203125 0.101060
1 0.599232 0.292946 0.193531 0.156067
1 0.316886 0.444444 0.193531 0.110746
1 0.499178 0.461166 0.167763 0.088268
1 0.488624 0.916575 0.204770 0.166849
1 0.066749 0.063871 0.132950 0.110563
0 0.330729 0.093476 0.201480 0.133224
1 0.643914 0.148118 0.274671 0.152961
1 0.406524 0.242873 0.195175 0.126827
1 0.216694 0.310490 0.255208 0.153143
1 0.454770 0.109101 0.140351 0.086988
1 0.946272 0.187591 0.107456 0.095577
1 0.807977 0.238121 0.217928 0.108553
1 0.818531 0.345212 0.171053 0.131213
1 0.551672 0.052632 0.201480 0.096857
1 0.201617 0.097770 0.117599 0.105263
1 0.849918 0.138067 0.104989 0.048428
