1 0.448958 0.563822 0.153686 0.291587
1 0.757532 0.551803 0.160256 0.245913
1 0.603045 0.478606 0.164744 0.147596
1 0.196234 0.369351 0.134776 0.237260
1 0.338301 0.322356 0.175641 0.164904
1 0.428205 0.203245 0.133974 0.178125
1 0.525481 0.266587 0.107051 0.138942
1 0.727965 0.145313 0.140545 0.199760
1 0.504327 0.105409 0.184295 0.207452
1 0.608894 0.089063 0.103365 0.122356
1 0.121234 0.073077 0.137660 0.145673
1 0.345994 0.074159 0.128205 0.147837
1 0.242788 0.034856 0.123077 0.069231
1 0.945433 0.524399 0.109135 0.250240
1 0.297516 0.482933 0.193109 0.215385
0 0.538622 0.853365 0.197436 0.237019
0 0.715224 0.841947 0.189423 0.238221
0 0.602324 0.637500 0.180609 0.292788
0 0.842708 0.697115 0.170353 0.237019
0 0.920994 0.846154 0.158013 0.264423
0 0.834696 0.444111 0.158814 0.209856
0 0.930849 0.352885 0.138301 0.164904
0 0.840946 0.291226 0.124519 0.159375
0 0.708654 0.316827 0.131090 0.200000
0 0.606410 0.370433 0.168269 0.162981
0 0.463221 0.398317 0.139904 0.192308
0 0.115785 0.300962 0.148558 0.183654
0 0.096795 0.208173 0.151603 0.165865
0 0.040465 0.117428 0.080609 0.157452
0 0.277324 0.227885 0.153045 0.144231
0 0.613622 0.218029 0.121795 0.172596
0 0.229407 0.142428 0.120994 0.168029
