1 0.126250 0.750588 0.150000 0.197647
1 0.763750 0.765882 0.162500 0.223529
1 0.910000 0.687059 0.162500 0.244706
1 0.308750 0.890588 0.155000 0.214118
1 0.456250 0.878824 0.127500 0.223529
1 0.376875 0.730588 0.106250 0.223529
1 0.263750 0.747059 0.122500 0.232941
1 0.206875 0.494118 0.128750 0.315294
1 0.281875 0.378824 0.098750 0.174118
1 0.338125 0.565882 0.156250 0.223529
1 0.417500 0.421176 0.140000 0.225882
1 0.329375 0.214118 0.193750 0.192941
1 0.591250 0.610588 0.165000 0.204706
1 0.612500 0.804706 0.177500 0.240000
1 0.479375 0.709412 0.128750 0.218824
1 0.650000 0.423529 0.110000 0.221176
1 0.564375 0.485882 0.108750 0.162353
1 0.853750 0.611765 0.110000 0.183529
1 0.671250 0.563529 0.095000 0.171765
