1 0.122559 0.864583 0.243164 0.270833
1 0.152344 0.636068 0.275391 0.337240
1 0.500000 0.777344 0.373047 0.445312
1 0.374512 0.497396 0.239258 0.296875
1 0.112305 0.367188 0.222656 0.325521
1 0.320312 0.294922 0.234375 0.251302
1 0.151367 0.122396 0.253906 0.242188
1 0.811523 0.218750 0.306641 0.416667
1 0.583984 0.334635 0.287109 0.348958
1 0.846191 0.847005 0.303711 0.305990
1 0.842773 0.639974 0.314453 0.373698
1 0.565918 0.158203 0.309570 0.313802
1 0.388672 0.084635 0.251953 0.166667
1 0.304199 0.927083 0.198242 0.145833
