1 0.072500 0.766417 0.095000 0.133208
1 0.083750 0.908068 0.157500 0.183865
1 0.184375 0.878987 0.108750 0.155722
1 0.451875 0.858349 0.113750 0.196998
1 0.140000 0.761726 0.100000 0.157598
1 0.505000 0.623827 0.120000 0.170732
1 0.908125 0.871482 0.108750 0.170732
1 0.664375 0.960600 0.111250 0.075047
1 0.813125 0.909006 0.091250 0.166979
1 0.571875 0.489681 0.086250 0.157598
1 0.170625 0.396811 0.116250 0.159475
1 0.948750 0.652908 0.102500 0.157598
1 0.841250 0.622889 0.107500 0.150094
1 0.911250 0.542214 0.122500 0.157598
1 0.661875 0.551595 0.086250 0.108818
1 0.823750 0.487805 0.095000 0.123827
1 0.738750 0.538462 0.110000 0.127580
1 0.876875 0.369606 0.113750 0.120075
1 0.388125 0.460600 0.073750 0.076923
1 0.103750 0.186679 0.085000 0.095685
1 0.550625 0.350844 0.106250 0.112570
1 0.735000 0.432458 0.097500 0.106942
1 0.692500 0.353659 0.082500 0.103189
1 0.694375 0.238274 0.111250 0.153846
1 0.768750 0.378049 0.075000 0.088180
1 0.783750 0.310507 0.097500 0.099437
1 0.790625 0.242026 0.088750 0.093809
1 0.412500 0.289869 0.085000 0.088180
1 0.034375 0.359287 0.066250 0.121951
1 0.299375 0.226079 0.086250 0.121951
1 0.124375 0.243902 0.098750 0.112570
1 0.167500 0.552533 0.097500 0.151970
1 0.740000 0.758912 0.082500 0.144465
1 0.716250 0.907129 0.125000 0.185741
1 0.965000 0.301126 0.070000 0.133208
1 0.871875 0.300188 0.088750 0.060038
1 0.909375 0.237336 0.103750 0.129456
1 0.605625 0.280488 0.078750 0.110694
1 0.590000 0.146341 0.070000 0.093809
1 0.332500 0.314259 0.057500 0.058161
1 0.348750 0.262664 0.042500 0.090056
1 0.210625 0.199812 0.063750 0.076923
1 0.286875 0.931520 0.131250 0.125704
1 0.540625 0.960600 0.128750 0.078799
0 0.241875 0.716698 0.098750 0.168856
0 0.341875 0.724203 0.141250 0.165103
1 0.358750 0.545028 0.137500 0.155722
1 0.217500 0.614447 0.142500 0.174484
0 0.260625 0.482176 0.103750 0.131332
0 0.176875 0.255159 0.103750 0.135084
0 0.813125 0.751407 0.108750 0.144465
0 0.981250 0.839587 0.037500 0.125704
0 0.636250 0.438086 0.125000 0.174484
0 0.075000 0.440901 0.095000 0.116323
0 0.041875 0.701689 0.081250 0.146341
1 0.073125 0.582552 0.113750 0.163227
1 0.648750 0.667917 0.142500 0.187617
1 0.613125 0.904315 0.088750 0.116323
1 0.556250 0.803002 0.120000 0.172608
1 0.260625 0.324578 0.096250 0.138837
1 0.511250 0.252345 0.102500 0.121951
1 0.494375 0.460600 0.108750 0.155722
1 0.332500 0.394934 0.077500 0.133208
1 0.411250 0.365854 0.085000 0.127580
1 0.917500 0.444653 0.105000 0.123827
1 0.789375 0.181051 0.081250 0.076923
