0 0.569430 0.654057 0.111500 0.183845
0 0.641020 0.550987 0.096688 0.151681
0 0.731228 0.574013 0.084962 0.150950
0 0.812179 0.519006 0.092985 0.161550
0 0.830488 0.711440 0.097511 0.156798
0 0.432318 0.756213 0.128163 0.184942
0 0.815264 0.905154 0.097511 0.139254
0 0.721971 0.937683 0.103477 0.116594
0 0.150483 0.211257 0.083728 0.152047
0 0.196359 0.334430 0.096894 0.146199
0 0.436227 0.627010 0.110883 0.122442
0 0.280909 0.353618 0.088253 0.141447
0 0.083522 0.207602 0.070356 0.163743
0 0.218679 0.212537 0.073647 0.104898
0 0.248817 0.185490 0.073030 0.126096
0 0.153261 0.113121 0.075705 0.077851
0 0.296647 0.213816 0.053075 0.161550
0 0.488685 0.299342 0.041761 0.125000
0 0.565110 0.152961 0.058836 0.091740
0 0.626414 0.115314 0.057190 0.080044
0 0.534664 0.295687 0.044435 0.108187
0 0.523863 0.128838 0.068504 0.088085
