0 0.359375 0.631510 0.099609 0.140625
0 0.405273 0.505208 0.097656 0.132812
0 0.448730 0.610677 0.092773 0.109375
0 0.249023 0.602214 0.101562 0.110677
0 0.525391 0.565755 0.095703 0.152344
0 0.613281 0.549479 0.109375 0.135417
0 0.691406 0.523438 0.105469 0.117188
0 0.750000 0.484375 0.097656 0.111979
0 0.687012 0.385417 0.118164 0.111979
0 0.241699 0.479818 0.084961 0.092448
0 0.359863 0.330729 0.071289 0.080729
0 0.536133 0.440104 0.113281 0.096354
0 0.264648 0.373047 0.058594 0.087240
0 0.349609 0.404948 0.068359 0.072917
0 0.364746 0.464844 0.083008 0.098958
0 0.458496 0.442057 0.065430 0.121094
0 0.515137 0.298828 0.094727 0.113281
0 0.447754 0.283854 0.051758 0.054688
0 0.307129 0.465495 0.055664 0.069010
0 0.301758 0.529948 0.070312 0.070312
0 0.548828 0.397135 0.089844 0.098958
0 0.414062 0.329427 0.048828 0.046875
