0 0.263021 0.809028 0.305208 0.376389
0 0.865104 0.816667 0.269792 0.366667
0 0.868750 0.487500 0.241667 0.322222
0 0.626563 0.501389 0.244792 0.319444
0 0.625521 0.777083 0.228125 0.281944
0 0.183333 0.397917 0.287500 0.368056
0 0.396875 0.579861 0.270833 0.340278
0 0.857292 0.185417 0.235417 0.212500
0 0.067708 0.651389 0.133333 0.352778
0 0.170833 0.144444 0.245833 0.227778
0 0.460938 0.112500 0.217708 0.222222
0 0.691667 0.097917 0.147917 0.193056
0 0.288021 0.103472 0.148958 0.204167
0 0.461979 0.878472 0.169792 0.243056
