0 0.647222 0.406639 0.327778 0.326418
0 0.104861 0.692946 0.206944 0.232365
0 0.163194 0.477870 0.237500 0.219917
0 0.333333 0.664592 0.227778 0.225450
0 0.076389 0.096819 0.150000 0.190871
0 0.871528 0.585754 0.256944 0.266943
0 0.736111 0.210235 0.300000 0.257261
0 0.348611 0.202628 0.236111 0.233748
0 0.477083 0.905256 0.293056 0.189488
0 0.553472 0.607884 0.256944 0.228216
0 0.786806 0.775934 0.265278 0.279391
0 0.884028 0.384509 0.187500 0.188105
0 0.488889 0.087828 0.225000 0.172891
0 0.270139 0.903181 0.195833 0.185339
0 0.104167 0.344398 0.141667 0.143845
