0 0.587418 0.694581 0.217320 0.330049
0 0.410948 0.575123 0.197712 0.293103
0 0.763889 0.756158 0.230392 0.310345
0 0.922386 0.614532 0.155229 0.322660
0 0.329248 0.352217 0.204248 0.325123
0 0.590686 0.386700 0.233660 0.300493
0 0.133170 0.482759 0.214052 0.280788
0 0.529412 0.080049 0.218954 0.155172
0 0.897059 0.344828 0.153595 0.236453
0 0.422386 0.948276 0.236928 0.103448
0 0.258987 0.666256 0.210784 0.322660
0 0.342320 0.123153 0.200980 0.241379
0 0.066993 0.257389 0.130719 0.268473
0 0.197712 0.250000 0.147059 0.233990
0 0.840686 0.097291 0.161765 0.189655
0 0.700163 0.093596 0.142157 0.182266
0 0.729575 0.470443 0.168301 0.285714
0 0.139706 0.071429 0.217320 0.137931
0 0.058007 0.929803 0.112745 0.140394
0 0.595588 0.910099 0.174837 0.174877
0 0.831699 0.864532 0.189542 0.261084
0 0.929739 0.169951 0.124183 0.187192
