0 0.503268 0.780523 0.137255 0.276163
0 0.630719 0.754360 0.098039 0.229651
0 0.197712 0.267442 0.160131 0.273256
0 0.263889 0.116279 0.129085 0.226744
0 0.542484 0.526163 0.156863 0.238372
0 0.450980 0.617733 0.133987 0.223837
0 0.383987 0.799419 0.124183 0.226744
0 0.321895 0.654070 0.133987 0.244186
0 0.383987 0.427326 0.137255 0.226744
0 0.280229 0.444767 0.109477 0.209302
0 0.473856 0.306686 0.137255 0.258721
0 0.340686 0.257267 0.135621 0.200581
0 0.184641 0.479651 0.120915 0.197674
0 0.233660 0.642442 0.098039 0.226744
0 0.343137 0.097384 0.065359 0.130814
