0 0.576637 0.256944 0.117560 0.164683
0 0.657738 0.658730 0.098214 0.126984
0 0.444940 0.455357 0.104167 0.125000
0 0.659970 0.535714 0.102679 0.130952
0 0.593750 0.456349 0.086310 0.126984
0 0.491071 0.340278 0.098214 0.140873
0 0.645833 0.369048 0.104167 0.150794
0 0.574405 0.586310 0.083333 0.121032
0 0.721726 0.336310 0.080357 0.148810
0 0.700893 0.462302 0.089286 0.126984
0 0.745536 0.549603 0.083333 0.115079
0 0.761161 0.426587 0.058036 0.126984
0 0.347470 0.311508 0.058036 0.079365
0 0.604911 0.701389 0.093750 0.125000
0 0.683780 0.741071 0.072917 0.097222
0 0.465030 0.625000 0.052083 0.111111
0 0.449405 0.537698 0.092262 0.099206
0 0.369048 0.220238 0.062500 0.067460
0 0.385417 0.164683 0.056548 0.071429
0 0.435268 0.262897 0.046131 0.093254
0 0.319940 0.409722 0.062500 0.069444
0 0.377232 0.382937 0.052083 0.071429
0 0.472470 0.175595 0.063988 0.069444
0 0.307292 0.272817 0.058036 0.081349
0 0.648810 0.252976 0.080357 0.097222
0 0.529762 0.217262 0.074405 0.101190
0 0.407738 0.330357 0.062500 0.081349
0 0.326637 0.208333 0.040179 0.087302
0 0.424107 0.176587 0.035714 0.055556
