0 0.255102 0.326562 0.335807 0.215625
0 0.296846 0.476042 0.270872 0.147917
0 0.146568 0.574479 0.289425 0.167708
0 0.415584 0.593750 0.256030 0.158333
0 0.645640 0.547396 0.248609 0.153125
0 0.230983 0.721354 0.298701 0.186458
0 0.231911 0.906771 0.300557 0.176042
0 0.061224 0.807813 0.118738 0.165625
0 0.619666 0.772917 0.237477 0.160417
0 0.400742 0.839063 0.244898 0.144792
0 0.862709 0.533333 0.222635 0.129167
0 0.435065 0.255208 0.235622 0.127083
0 0.562152 0.435417 0.241187 0.127083
0 0.642857 0.277083 0.239332 0.116667
0 0.612245 0.146875 0.241187 0.147917
0 0.512059 0.059896 0.211503 0.117708
0 0.254174 0.157812 0.192950 0.105208
0 0.067718 0.103646 0.131725 0.111458
0 0.072356 0.426563 0.141002 0.140625
0 0.443414 0.717708 0.200371 0.127083
0 0.417440 0.969792 0.252319 0.060417
