0 0.065000 0.905138 0.124286 0.166008
0 0.180000 0.894269 0.100000 0.140316
0 0.149286 0.771739 0.132857 0.136364
0 0.213571 0.666008 0.095714 0.142292
0 0.287143 0.894269 0.122857 0.199605
0 0.676429 0.818182 0.144286 0.245059
0 0.450000 0.905138 0.125714 0.177866
0 0.530000 0.690711 0.140000 0.175889
0 0.244286 0.557312 0.108571 0.134387
0 0.402857 0.484190 0.102857 0.146245
0 0.650000 0.510870 0.128571 0.167984
0 0.542143 0.451581 0.107143 0.175889
0 0.687143 0.349802 0.120000 0.177866
0 0.782857 0.466403 0.154286 0.162055
0 0.807143 0.881423 0.137143 0.237154
0 0.927857 0.589921 0.144286 0.199605
0 0.875000 0.456522 0.081429 0.130435
0 0.247857 0.460474 0.081429 0.114625
0 0.434286 0.350791 0.108571 0.116601
0 0.365714 0.591897 0.102857 0.128458
0 0.240000 0.311265 0.074286 0.100791
0 0.147857 0.620553 0.092857 0.122530
0 0.030714 0.573123 0.058571 0.122530
0 0.937143 0.903162 0.117143 0.185771
0 0.318571 0.208498 0.068571 0.077075
0 0.626429 0.227273 0.081429 0.118577
0 0.850714 0.301383 0.090000 0.124506
0 0.941429 0.335968 0.088571 0.118577
0 0.708571 0.192688 0.091429 0.108696
0 0.485714 0.201581 0.065714 0.090909
0 0.385000 0.147233 0.058571 0.084980
0 0.395714 0.056324 0.068571 0.084980
0 0.150000 0.280632 0.077143 0.083004
0 0.456429 0.619565 0.098571 0.140316
0 0.158571 0.486166 0.060000 0.102767
0 0.207143 0.449605 0.071429 0.112648
0 0.097143 0.425889 0.062857 0.088933
0 0.032143 0.477273 0.061429 0.108696
0 0.423571 0.790514 0.101429 0.126482
0 0.633571 0.090909 0.061429 0.090909
0 0.345714 0.090909 0.060000 0.086957
0 0.277857 0.191700 0.058571 0.079051
0 0.327857 0.485178 0.090000 0.140316
0 0.328571 0.281621 0.054286 0.061265
0 0.362143 0.935771 0.084286 0.124506
0 0.555714 0.156126 0.065714 0.086957
0 0.562143 0.098814 0.075714 0.067194
0 0.535000 0.066206 0.058571 0.069170
0 0.413571 0.235178 0.061429 0.071146
0 0.450714 0.177866 0.047143 0.071146
0 0.187857 0.222332 0.055714 0.053360
0 0.071429 0.344862 0.048571 0.049407
