0 0.231429 0.769366 0.237143 0.327465
0 0.414286 0.682218 0.208571 0.269366
0 0.122857 0.497359 0.242857 0.258803
0 0.197143 0.374120 0.191429 0.188380
0 0.428571 0.447183 0.202857 0.235915
0 0.620000 0.381162 0.237143 0.272887
0 0.850714 0.541373 0.247143 0.283451
0 0.555000 0.174296 0.175714 0.207746
0 0.758571 0.292254 0.208571 0.228873
0 0.919286 0.294014 0.161429 0.207746
0 0.561429 0.742958 0.191429 0.242958
0 0.842143 0.764965 0.232857 0.227113
0 0.733571 0.830986 0.201429 0.228873
0 0.267143 0.179577 0.208571 0.250000
0 0.310714 0.889965 0.192857 0.209507
0 0.607857 0.926937 0.221429 0.146127
0 0.102143 0.220951 0.150000 0.198944
0 0.413571 0.286092 0.164286 0.181338
0 0.672857 0.110915 0.168571 0.183099
0 0.162857 0.059859 0.145714 0.116197
0 0.445714 0.069542 0.157143 0.135563
0 0.664286 0.593310 0.185714 0.200704
0 0.880000 0.933099 0.168571 0.130282
0 0.820000 0.129401 0.188571 0.170775
0 0.306429 0.030810 0.141429 0.058099
