0 0.252857 0.772932 0.145714 0.162406
0 0.133571 0.813534 0.155714 0.147368
0 0.533571 0.892481 0.152857 0.148872
0 0.859286 0.910526 0.181429 0.151880
0 0.655000 0.782707 0.132857 0.139850
0 0.759286 0.842105 0.138571 0.117293
0 0.162143 0.950376 0.167143 0.096241
0 0.356429 0.897744 0.130000 0.144361
0 0.795714 0.698496 0.122857 0.136842
0 0.889286 0.741353 0.118571 0.153383
0 0.575714 0.763158 0.108571 0.121805
0 0.375714 0.757143 0.142857 0.112782
0 0.067857 0.672932 0.090000 0.097744
0 0.357857 0.635338 0.092857 0.088722
0 0.306429 0.662406 0.107143 0.094737
0 0.486429 0.644361 0.107143 0.091729
0 0.744286 0.617293 0.088571 0.070677
0 0.702143 0.564662 0.067143 0.070677
0 0.802857 0.581955 0.082857 0.081203
0 0.135714 0.716541 0.154286 0.094737
0 0.025714 0.909774 0.048571 0.108271
0 0.490000 0.497744 0.020000 0.021053
0 0.437143 0.474436 0.025714 0.025564
0 0.381429 0.522556 0.025714 0.025564
0 0.510714 0.546617 0.021429 0.022556
0 0.546429 0.444361 0.024286 0.025564
0 0.397857 0.456391 0.024286 0.025564
0 0.542857 0.588722 0.034286 0.031579
0 0.564286 0.519549 0.022857 0.034586
0 0.485714 0.452632 0.020000 0.024060
0 0.522143 0.511278 0.024286 0.030075
0 0.501429 0.475940 0.022857 0.025564
0 0.541429 0.493233 0.022857 0.033083
0 0.540000 0.412030 0.020000 0.021053
0 0.710714 0.448872 0.021429 0.019549
0 0.544286 0.384211 0.020000 0.019549
