0 0.440972 0.781250 0.170833 0.122917
0 0.648611 0.738542 0.186111 0.127083
0 0.618750 0.824479 0.123611 0.086458
0 0.277083 0.470313 0.195833 0.140625
0 0.374306 0.354167 0.179167 0.135417
0 0.579167 0.473438 0.155556 0.121875
0 0.332639 0.571875 0.165278 0.108333
0 0.513889 0.581771 0.141667 0.113542
0 0.193056 0.363021 0.191667 0.132292
0 0.102083 0.312500 0.193056 0.112500
0 0.393056 0.249479 0.141667 0.113542
0 0.422222 0.467187 0.127778 0.113542
0 0.645833 0.590104 0.158333 0.126042
0 0.173611 0.531771 0.172222 0.136458
0 0.779167 0.547396 0.161111 0.119792
0 0.284722 0.663021 0.150000 0.107292
0 0.436806 0.671875 0.143056 0.106250
0 0.040972 0.616146 0.079167 0.103125
0 0.780556 0.333333 0.127778 0.112500
0 0.833333 0.470833 0.138889 0.106250
0 0.697222 0.454688 0.122222 0.101042
0 0.643750 0.366667 0.126389 0.087500
0 0.677778 0.209375 0.119444 0.083333
0 0.589583 0.182812 0.106944 0.092708
0 0.745833 0.764583 0.136111 0.137500
0 0.845833 0.615625 0.141667 0.122917
0 0.934028 0.344792 0.123611 0.077083
0 0.579167 0.256771 0.102778 0.069792
0 0.814583 0.252604 0.104167 0.073958
0 0.772222 0.173437 0.091667 0.080208
0 0.254861 0.764062 0.112500 0.082292
0 0.972917 0.277083 0.054167 0.093750
0 0.138889 0.675521 0.138889 0.073958
0 0.484722 0.363542 0.105556 0.097917
0 0.484028 0.275521 0.087500 0.082292
0 0.888889 0.425000 0.127778 0.100000
0 0.165972 0.742188 0.084722 0.063542
