0 0.088889 0.780729 0.080556 0.067708
0 0.325000 0.797917 0.080556 0.079167
0 0.408333 0.788021 0.086111 0.063542
0 0.473611 0.736979 0.075000 0.061458
0 0.304167 0.700521 0.075000 0.053125
0 0.095833 0.713542 0.077778 0.052083
0 0.027778 0.767708 0.052778 0.062500
0 0.036111 0.667188 0.069444 0.059375
0 0.120139 0.613021 0.087500 0.061458
0 0.183333 0.653125 0.088889 0.064583
0 0.404861 0.726562 0.073611 0.065625
0 0.273611 0.755208 0.077778 0.072917
0 0.204167 0.742708 0.069444 0.058333
0 0.143056 0.742708 0.075000 0.056250
0 0.190972 0.785417 0.070833 0.045833
0 0.403472 0.664062 0.076389 0.055208
0 0.034028 0.606771 0.065278 0.057292
0 0.161111 0.561458 0.086111 0.052083
0 0.204167 0.599479 0.086111 0.053125
0 0.268750 0.628646 0.068056 0.053125
0 0.239583 0.681250 0.073611 0.062500
0 0.309722 0.614062 0.066667 0.048958
0 0.346528 0.660937 0.056944 0.057292
0 0.482639 0.678125 0.079167 0.054167
0 0.543056 0.741146 0.077778 0.063542
0 0.636111 0.644792 0.072222 0.052083
0 0.583333 0.641667 0.055556 0.043750
0 0.702778 0.620833 0.058333 0.041667
0 0.600694 0.710938 0.073611 0.059375
0 0.481250 0.780208 0.059722 0.052083
0 0.584028 0.769792 0.056944 0.052083
0 0.699306 0.664583 0.073611 0.050000
0 0.694444 0.720313 0.069444 0.053125
0 0.661806 0.764062 0.079167 0.061458
0 0.809028 0.785417 0.079167 0.062500
0 0.860417 0.733854 0.084722 0.067708
0 0.776389 0.708333 0.083333 0.060417
0 0.754167 0.756250 0.069444 0.054167
0 0.906944 0.781771 0.075000 0.063542
0 0.904861 0.696354 0.073611 0.061458
0 0.764583 0.654687 0.073611 0.055208
0 0.818750 0.619792 0.087500 0.060417
0 0.875694 0.584375 0.081944 0.064583
0 0.530556 0.676562 0.050000 0.059375
0 0.468750 0.638021 0.054167 0.028125
0 0.814583 0.573958 0.070833 0.050000
