0 0.231111 0.885000 0.146667 0.111667
0 0.357222 0.919583 0.141111 0.135833
0 0.560556 0.887083 0.154444 0.115833
0 0.512222 0.789583 0.133333 0.102500
0 0.886111 0.934167 0.170000 0.131667
0 0.323333 0.707917 0.144444 0.115833
0 0.485000 0.688750 0.136667 0.114167
0 0.576111 0.612500 0.147778 0.106667
0 0.618889 0.500417 0.135556 0.104167
0 0.938889 0.577500 0.122222 0.093333
0 0.771667 0.795000 0.132222 0.100000
0 0.738889 0.703333 0.117778 0.091667
0 0.946667 0.745417 0.106667 0.089167
0 0.560556 0.962917 0.152222 0.074167
0 0.328333 0.804583 0.138889 0.084167
0 0.173333 0.686667 0.113333 0.081667
0 0.463333 0.545833 0.120000 0.105000
0 0.685000 0.828333 0.087778 0.111667
0 0.836667 0.611667 0.122222 0.078333
0 0.720000 0.443750 0.140000 0.102500
0 0.514444 0.453333 0.131111 0.093333
0 0.293333 0.408750 0.104444 0.072500
0 0.558333 0.311667 0.096667 0.078333
0 0.592778 0.220417 0.096667 0.082500
0 0.810556 0.367083 0.098889 0.074167
0 0.690000 0.335833 0.097778 0.085000
0 0.512222 0.248333 0.106667 0.073333
0 0.305000 0.518750 0.107778 0.075833
0 0.138333 0.526250 0.081111 0.072500
0 0.889444 0.409167 0.118889 0.088333
0 0.056111 0.512083 0.092222 0.064167
0 0.154444 0.317083 0.077778 0.057500
0 0.408333 0.124167 0.076667 0.060000
0 0.103333 0.460000 0.077778 0.061667
0 0.261667 0.233750 0.083333 0.064167
0 0.365000 0.194167 0.067778 0.050000
0 0.298333 0.361250 0.078889 0.047500
0 0.218889 0.378750 0.084444 0.050833
0 0.926111 0.306250 0.085556 0.075833
0 0.742222 0.272917 0.091111 0.065833
0 0.637778 0.749583 0.122222 0.090833
0 0.055000 0.273333 0.067778 0.046667
0 0.927778 0.491667 0.115556 0.075000
0 0.725000 0.625833 0.107778 0.081667
0 0.341667 0.451250 0.076667 0.057500
0 0.442222 0.380000 0.088889 0.066667
0 0.365000 0.332500 0.072222 0.055000
0 0.042222 0.204167 0.053333 0.041667
0 0.103889 0.251250 0.061111 0.047500
0 0.152222 0.225417 0.055556 0.050833
0 0.207778 0.194167 0.057778 0.041667
0 0.680000 0.164167 0.082222 0.060000
0 0.832778 0.253333 0.096667 0.061667
0 0.935556 0.248750 0.108889 0.062500
0 0.853333 0.206667 0.095556 0.055000
0 0.525556 0.185833 0.091111 0.068333
0 0.523889 0.112083 0.070000 0.049167
0 0.601111 0.120833 0.075556 0.053333
0 0.732778 0.172500 0.067778 0.058333
0 0.042222 0.367500 0.075556 0.041667
0 0.287778 0.146250 0.060000 0.054167
0 0.222222 0.157500 0.057778 0.041667
0 0.504444 0.079583 0.073333 0.050833
0 0.058889 0.127917 0.046667 0.037500
0 0.685000 0.120417 0.074444 0.059167
0 0.364444 0.390833 0.064444 0.056667
0 0.270556 0.111667 0.063333 0.046667
0 0.411111 0.037500 0.062222 0.051667
0 0.182778 0.112083 0.043333 0.044167
0 0.915556 0.198333 0.064444 0.045000
0 0.217778 0.115417 0.040000 0.037500
0 0.322222 0.242500 0.064444 0.070000
0 0.227778 0.284583 0.082222 0.062500
0 0.555556 0.072083 0.046667 0.042500
0 0.508333 0.037917 0.045556 0.030833
0 0.473889 0.047500 0.056667 0.041667
0 0.135000 0.110833 0.043333 0.038333
0 0.651111 0.255000 0.082222 0.061667
0 0.618333 0.408333 0.114444 0.085000
0 0.231111 0.726250 0.091111 0.087500
0 0.242778 0.649167 0.078889 0.063333
0 0.207778 0.617500 0.080000 0.056667
0 0.245000 0.575000 0.081111 0.073333
0 0.582222 0.704583 0.091111 0.087500
0 0.080556 0.346250 0.063333 0.047500
0 0.028889 0.090417 0.044444 0.027500
0 0.220556 0.078333 0.047778 0.035000
0 0.323333 0.107917 0.051111 0.039167
0 0.398333 0.076667 0.058889 0.035000
0 0.273889 0.082083 0.054444 0.035833
0 0.304444 0.071667 0.051111 0.031667
0 0.743333 0.124167 0.035556 0.045000
0 0.405000 0.244167 0.056667 0.045000
0 0.084444 0.427083 0.077778 0.047500
0 0.262778 0.464583 0.085556 0.067500
0 0.179444 0.465833 0.074444 0.066667
0 0.299444 0.319583 0.085556 0.047500
0 0.434444 0.339167 0.106667 0.046667
0 0.470556 0.149167 0.065556 0.053333
0 0.047222 0.069583 0.038889 0.029167
0 0.074444 0.094167 0.042222 0.026667
