0 0.345385 0.432339 0.075385 0.112385
0 0.283077 0.393349 0.083077 0.103211
0 0.701538 0.511468 0.089231 0.137615
0 0.683077 0.644495 0.086154 0.142202
0 0.776923 0.649083 0.092308 0.128440
0 0.788462 0.509174 0.096923 0.123853
0 0.630000 0.542431 0.087692 0.135321
0 0.596154 0.448394 0.084615 0.135321
0 0.674615 0.404817 0.093846 0.130734
0 0.749231 0.334862 0.092308 0.105505
0 0.788462 0.416284 0.075385 0.098624
0 0.872308 0.441514 0.058462 0.089450
0 0.880000 0.354358 0.058462 0.094037
0 0.927692 0.327982 0.061538 0.096330
0 0.148462 0.780963 0.090769 0.139908
0 0.219231 0.795872 0.081538 0.114679
0 0.220769 0.697248 0.084615 0.123853
0 0.088462 0.758028 0.069231 0.130734
0 0.396923 0.377294 0.086154 0.107798
0 0.426923 0.297018 0.084615 0.103211
0 0.280000 0.286697 0.076923 0.091743
0 0.606154 0.051606 0.043077 0.071101
0 0.643077 0.130734 0.046154 0.068807
