0 0.209848 0.844444 0.101515 0.121212
0 0.296212 0.635354 0.098485 0.127273
0 0.403030 0.708081 0.100000 0.123232
0 0.368182 0.820202 0.081818 0.117172
0 0.537879 0.865657 0.072727 0.103030
0 0.404545 0.916162 0.081818 0.115152
0 0.388636 0.596970 0.092424 0.111111
0 0.469697 0.600000 0.078788 0.113131
0 0.206061 0.737374 0.081818 0.113131
0 0.374242 0.317172 0.072727 0.096970
0 0.077273 0.550505 0.066667 0.078788
0 0.118939 0.521212 0.059091 0.072727
0 0.181818 0.541414 0.072727 0.072727
0 0.665909 0.735354 0.068182 0.084848
0 0.312879 0.894949 0.098485 0.125253
0 0.223485 0.953535 0.089394 0.092929
0 0.600000 0.568687 0.078788 0.094949
0 0.477273 0.384848 0.063636 0.086869
0 0.419697 0.379798 0.063636 0.084848
0 0.329545 0.506061 0.077273 0.115152
0 0.405303 0.498990 0.083333 0.113131
0 0.503030 0.453535 0.063636 0.086869
0 0.632576 0.408081 0.053030 0.068687
0 0.439394 0.308081 0.069697 0.094949
0 0.318939 0.298990 0.059091 0.080808
0 0.365909 0.239394 0.056061 0.086869
0 0.503030 0.343434 0.057576 0.080808
0 0.572727 0.337374 0.054545 0.068687
0 0.614394 0.302020 0.040909 0.062626
0 0.263636 0.555556 0.096970 0.109091
0 0.491667 0.671717 0.065152 0.086869
0 0.550758 0.688889 0.062121 0.080808
0 0.561364 0.780808 0.080303 0.111111
0 0.492424 0.764646 0.072727 0.103030
0 0.655303 0.468687 0.053030 0.076768
0 0.702273 0.432323 0.053030 0.076768
0 0.667424 0.347475 0.046970 0.080808
0 0.773485 0.356566 0.053030 0.058586
0 0.721970 0.382828 0.053030 0.062626
0 0.141667 0.683838 0.056061 0.078788
0 0.837879 0.666667 0.060606 0.088889
0 0.900758 0.620202 0.062121 0.080808
0 0.786364 0.727273 0.072727 0.084848
0 0.774242 0.639394 0.066667 0.090909
0 0.115152 0.775758 0.078788 0.105051
0 0.068182 0.689899 0.060606 0.086869
0 0.121212 0.604040 0.057576 0.080808
0 0.692424 0.927273 0.075758 0.101010
0 0.625758 0.823232 0.072727 0.098990
0 0.613636 0.656566 0.066667 0.088889
0 0.681061 0.684848 0.062121 0.076768
0 0.547727 0.511111 0.065152 0.096970
0 0.840152 0.483838 0.068182 0.074747
0 0.778788 0.485859 0.060606 0.082828
0 0.187879 0.492929 0.072727 0.060606
0 0.240909 0.453535 0.057576 0.078788
0 0.296212 0.369697 0.050000 0.076768
0 0.762121 0.308081 0.051515 0.058586
0 0.790152 0.407071 0.050000 0.062626
0 0.959848 0.550505 0.062121 0.070707
0 0.049242 0.771717 0.046970 0.088889
0 0.832576 0.428283 0.043939 0.048485
0 0.872727 0.535354 0.063636 0.068687
0 0.844697 0.588889 0.059091 0.090909
0 0.804545 0.549495 0.048485 0.088889
0 0.728030 0.610101 0.065152 0.092929
0 0.687121 0.552525 0.056061 0.074747
0 0.708333 0.495960 0.059091 0.058586
0 0.603788 0.731313 0.053030 0.080808
0 0.603788 0.962626 0.077273 0.070707
0 0.378788 0.420202 0.066667 0.088889
0 0.763636 0.817172 0.066667 0.082828
0 0.825758 0.796970 0.072727 0.086869
0 0.856818 0.730303 0.065152 0.082828
0 0.889394 0.792929 0.057576 0.078788
0 0.933333 0.763636 0.054545 0.088889
0 0.890909 0.686869 0.054545 0.068687
0 0.871970 0.435354 0.040909 0.058586
0 0.706818 0.313131 0.053030 0.068687
0 0.020455 0.715152 0.037879 0.080808
0 0.934848 0.663636 0.042424 0.078788
0 0.957576 0.617172 0.051515 0.062626
0 0.684848 0.825253 0.054545 0.094949
0 0.330303 0.739394 0.057576 0.084848
0 0.314394 0.438384 0.065152 0.068687
0 0.593182 0.265657 0.043939 0.058586
0 0.551515 0.286869 0.039394 0.048485
0 0.821212 0.371717 0.039394 0.056566
0 0.916667 0.451515 0.042424 0.058586
0 0.942424 0.434343 0.048485 0.052525
0 0.973485 0.500000 0.053030 0.066667
0 0.034848 0.834343 0.060606 0.080808
0 0.090909 0.861616 0.069697 0.098990
0 0.123485 0.895960 0.065152 0.103030
0 0.155303 0.945455 0.065152 0.105051
0 0.026515 0.609091 0.037879 0.066667
0 0.077273 0.606061 0.051515 0.068687
0 0.537121 0.411111 0.062121 0.078788
0 0.595455 0.498990 0.054545 0.064646
0 0.460606 0.957576 0.066667 0.084848
0 0.531818 0.976768 0.063636 0.046465
0 0.985606 0.713131 0.025758 0.088889
0 0.865152 0.377778 0.042424 0.048485
