0 0.116667 0.700833 0.137778 0.086667
0 0.219444 0.918750 0.158889 0.135833
0 0.876111 0.940833 0.232222 0.116667
0 0.830000 0.504167 0.160000 0.103333
0 0.149444 0.545833 0.141111 0.085000
0 0.245000 0.592083 0.112222 0.082500
0 0.511667 0.843333 0.181111 0.123333
0 0.533333 0.728750 0.153333 0.129167
0 0.700556 0.696667 0.176667 0.118333
0 0.229444 0.742083 0.121111 0.087500
0 0.073889 0.900833 0.141111 0.110000
0 0.322778 0.860833 0.145556 0.116667
0 0.432778 0.617083 0.127778 0.110833
0 0.489444 0.526667 0.127778 0.105000
0 0.644444 0.535000 0.160000 0.106667
0 0.585556 0.633750 0.144444 0.114167
0 0.936111 0.807500 0.127778 0.128333
0 0.936111 0.638750 0.127778 0.100833
0 0.747778 0.413333 0.122222 0.120000
0 0.377222 0.948333 0.172222 0.103333
0 0.594444 0.932500 0.166667 0.135000
0 0.927222 0.549167 0.132222 0.086667
0 0.621111 0.289167 0.104444 0.075000
0 0.405556 0.537500 0.115556 0.085000
0 0.049444 0.403333 0.078889 0.053333
0 0.126667 0.408750 0.066667 0.047500
0 0.438889 0.744583 0.095556 0.107500
0 0.298889 0.320417 0.082222 0.059167
0 0.333333 0.508333 0.106667 0.080000
0 0.943889 0.479583 0.103333 0.077500
0 0.938333 0.391667 0.116667 0.068333
0 0.768889 0.260833 0.100000 0.068333
0 0.691111 0.343333 0.097778 0.068333
0 0.757778 0.777917 0.166667 0.112500
0 0.897222 0.716667 0.172222 0.093333
0 0.381111 0.380833 0.082222 0.055000
0 0.459444 0.433333 0.085556 0.061667
0 0.128333 0.492083 0.107778 0.057500
0 0.030000 0.617500 0.057778 0.086667
0 0.105000 0.638750 0.096667 0.060833
0 0.857222 0.383333 0.085556 0.065000
0 0.966111 0.315000 0.067778 0.058333
0 0.948333 0.225833 0.085556 0.060000
0 0.173889 0.378333 0.063333 0.045000
0 0.278333 0.425417 0.076667 0.052500
0 0.106667 0.368333 0.071111 0.053333
0 0.153889 0.160417 0.052222 0.044167
0 0.248889 0.254167 0.055556 0.046667
0 0.242778 0.152500 0.047778 0.040000
0 0.161111 0.314583 0.066667 0.039167
0 0.201111 0.180000 0.046667 0.040000
0 0.632222 0.187083 0.066667 0.050833
0 0.551667 0.287917 0.081111 0.070833
0 0.447222 0.177500 0.050000 0.041667
0 0.402222 0.153333 0.044444 0.038333
0 0.385556 0.250000 0.055556 0.041667
0 0.812222 0.114583 0.046667 0.037500
0 0.355000 0.191667 0.045556 0.038333
0 0.401667 0.069167 0.041111 0.036667
0 0.197778 0.132917 0.051111 0.042500
0 0.207222 0.275417 0.054444 0.039167
0 0.275556 0.235000 0.044444 0.031667
0 0.271111 0.207083 0.046667 0.034167
0 0.494444 0.155833 0.053333 0.036667
0 0.496667 0.190000 0.048889 0.038333
0 0.570556 0.368750 0.090000 0.060833
0 0.555000 0.028750 0.045556 0.040833
0 0.446111 0.141250 0.050000 0.037500
0 0.323889 0.155833 0.038889 0.031667
0 0.354444 0.222083 0.051111 0.032500
0 0.588889 0.123333 0.044444 0.040000
0 0.513333 0.096667 0.048889 0.036667
0 0.662222 0.053750 0.044444 0.034167
0 0.398333 0.023750 0.045556 0.039167
0 0.170000 0.235000 0.055556 0.031667
0 0.227222 0.226667 0.047778 0.028333
0 0.536667 0.153750 0.042222 0.032500
0 0.736667 0.108750 0.044444 0.040833
0 0.777222 0.099167 0.041111 0.030000
0 0.720556 0.141667 0.043333 0.030000
0 0.770556 0.194167 0.050000 0.033333
0 0.781667 0.167917 0.043333 0.027500
0 0.674444 0.142083 0.044444 0.037500
0 0.632778 0.115417 0.047778 0.040833
0 0.620000 0.047083 0.046667 0.039167
0 0.711667 0.037917 0.043333 0.040833
0 0.603333 0.082917 0.044444 0.039167
0 0.418889 0.121667 0.044444 0.033333
0 0.291111 0.115000 0.035556 0.030000
0 0.492778 0.068333 0.045556 0.040000
0 0.570000 0.220000 0.060000 0.041667
0 0.296667 0.062500 0.044444 0.030000
0 0.508889 0.015000 0.046667 0.028333
0 0.781667 0.039583 0.038889 0.029167
0 0.771667 0.066250 0.036667 0.025833
0 0.712778 0.078333 0.047778 0.033333
0 0.668333 0.087083 0.043333 0.035833
0 0.336111 0.058750 0.030000 0.037500
0 0.436667 0.052917 0.044444 0.034167
0 0.465556 0.106667 0.046667 0.033333
0 0.563333 0.061250 0.042222 0.035833
0 0.441667 0.024583 0.043333 0.030833
0 0.439444 0.085000 0.050000 0.031667
0 0.350556 0.092500 0.030000 0.031667
0 0.321111 0.113333 0.040000 0.028333
0 0.382778 0.140833 0.038889 0.030000
0 0.403333 0.210833 0.046667 0.035000
0 0.402222 0.347083 0.062222 0.040833
0 0.456111 0.375833 0.061111 0.060000
0 0.508333 0.342500 0.074444 0.051667
0 0.446667 0.277083 0.055556 0.037500
0 0.667778 0.026250 0.046667 0.037500
0 0.271111 0.147083 0.037778 0.034167
0 0.768889 0.132917 0.040000 0.034167
0 0.719444 0.173750 0.047778 0.030833
0 0.119444 0.215417 0.043333 0.034167
0 0.023333 0.157500 0.044444 0.031667
0 0.071111 0.230000 0.037778 0.030000
0 0.589444 0.020417 0.043333 0.032500
0 0.634444 0.424167 0.108889 0.096667
0 0.023889 0.533750 0.045556 0.057500
0 0.022222 0.465417 0.042222 0.054167
0 0.038333 0.711250 0.074444 0.080833
0 0.053889 0.825000 0.105556 0.083333
0 0.275000 0.392083 0.070000 0.039167
0 0.250000 0.298750 0.057778 0.042500
0 0.650556 0.258750 0.083333 0.054167
0 0.162778 0.348750 0.058889 0.039167
0 0.846667 0.143750 0.048889 0.032500
0 0.814444 0.065000 0.040000 0.033333
0 0.861111 0.092917 0.046667 0.032500
0 0.920000 0.101667 0.060000 0.036667
0 0.938333 0.160833 0.050000 0.035000
0 0.965556 0.132500 0.042222 0.030000
0 0.980000 0.100833 0.040000 0.038333
0 0.896111 0.332917 0.078889 0.059167
0 0.837778 0.288750 0.102222 0.067500
0 0.925000 0.276667 0.078889 0.053333
0 0.896667 0.173750 0.040000 0.029167
0 0.637222 0.147917 0.043333 0.029167
0 0.793889 0.024167 0.034444 0.023333
