0 0.326042 0.805556 0.185417 0.275000
0 0.141146 0.663889 0.232292 0.291667
0 0.633854 0.762500 0.182292 0.247222
0 0.468750 0.667361 0.172917 0.206944
0 0.908854 0.815278 0.178125 0.311111
0 0.180208 0.472917 0.191667 0.206944
0 0.596875 0.379861 0.181250 0.259722
0 0.820312 0.388889 0.190625 0.238889
0 0.922396 0.198611 0.134375 0.169444
0 0.439063 0.433333 0.111458 0.175000
0 0.168229 0.281250 0.136458 0.156944
0 0.541667 0.208333 0.170833 0.219444
0 0.620833 0.144444 0.133333 0.166667
0 0.772396 0.228472 0.178125 0.168056
0 0.033854 0.322222 0.065625 0.166667
0 0.043750 0.186111 0.085417 0.133333
0 0.325521 0.509028 0.117708 0.165278
0 0.298438 0.376389 0.132292 0.136111
0 0.451042 0.285417 0.100000 0.168056
0 0.789062 0.765972 0.142708 0.215278
0 0.931771 0.586806 0.134375 0.165278
0 0.971875 0.315972 0.056250 0.170833
0 0.185938 0.206250 0.109375 0.093056
