1 0.333333 0.927604 0.170868 0.140625
1 0.386555 0.804167 0.170868 0.133333
1 0.710784 0.958333 0.217087 0.083333
1 0.901261 0.830729 0.163866 0.115625
1 0.603641 0.891667 0.140056 0.112500
1 0.775210 0.760938 0.169468 0.107292
1 0.181373 0.936458 0.138655 0.120833
1 0.771008 0.853125 0.121849 0.102083
1 0.116947 0.653646 0.183473 0.109375
1 0.294118 0.622917 0.109244 0.095833
1 0.620448 0.613542 0.126050 0.114583
1 0.862045 0.625000 0.135854 0.110417
1 0.933473 0.570312 0.127451 0.090625
1 0.137955 0.555208 0.144258 0.091667
1 0.469188 0.561458 0.137255 0.112500
1 0.318627 0.723437 0.147059 0.113542
1 0.284314 0.487500 0.126050 0.072917
1 0.674370 0.488542 0.102241 0.056250
0 0.521008 0.791667 0.137255 0.112500
0 0.228992 0.792188 0.152661 0.146875
0 0.083333 0.871354 0.163866 0.140625
0 0.471289 0.910937 0.144258 0.126042
0 0.947479 0.760417 0.105042 0.102083
0 0.089636 0.487500 0.092437 0.068750
0 0.594538 0.451042 0.113445 0.072917
0 0.558824 0.532813 0.106443 0.094792
0 0.808123 0.539062 0.140056 0.094792
0 0.149160 0.428125 0.096639 0.056250
0 0.430672 0.502604 0.110644 0.073958
0 0.655462 0.819271 0.128852 0.111458
0 0.550420 0.694792 0.131653 0.095833
0 0.676471 0.712500 0.159664 0.102083
0 0.724790 0.661458 0.110644 0.097917
1 0.441176 0.689063 0.117647 0.096875
1 0.509804 0.615625 0.098039 0.072917
0 0.371148 0.615104 0.131653 0.115625
0 0.462885 0.465104 0.105042 0.071875
0 0.707283 0.460417 0.089636 0.045833
0 0.697479 0.343750 0.072829 0.050000
0 0.640056 0.304167 0.084034 0.077083
0 0.568627 0.328125 0.072829 0.050000
0 0.349440 0.214583 0.040616 0.027083
0 0.287115 0.388542 0.089636 0.060417
1 0.369048 0.463542 0.077031 0.058333
1 0.361345 0.373958 0.070028 0.062500
0 0.425770 0.313542 0.086835 0.050000
0 0.535714 0.191667 0.035014 0.025000
0 0.679972 0.263021 0.037815 0.026042
0 0.778011 0.343750 0.063025 0.050000
0 0.492297 0.342708 0.077031 0.054167
0 0.296919 0.444271 0.067227 0.044792
1 0.585434 0.253125 0.033613 0.027083
1 0.360644 0.316667 0.065826 0.056250
1 0.800420 0.379167 0.099440 0.054167
1 0.684874 0.382812 0.072829 0.048958
1 0.887955 0.382812 0.058824 0.048958
1 0.357143 0.538021 0.089636 0.055208
1 0.271008 0.267708 0.054622 0.031250
1 0.381653 0.254167 0.046218 0.031250
1 0.528711 0.239063 0.043417 0.028125
0 0.102241 0.299479 0.056022 0.044792
0 0.144258 0.272396 0.064426 0.042708
0 0.065126 0.260937 0.071429 0.042708
0 0.158964 0.302083 0.049020 0.037500
0 0.189776 0.375521 0.093838 0.057292
0 0.069328 0.331771 0.063025 0.044792
1 0.085434 0.419271 0.067227 0.055208
1 0.119748 0.381771 0.057423 0.055208
1 0.040616 0.450000 0.078431 0.033333
1 0.041317 0.379688 0.068627 0.046875
1 0.254202 0.328646 0.063025 0.034375
0 0.618347 0.358333 0.068627 0.047917
0 0.393557 0.184375 0.025210 0.022917
0 0.424370 0.394792 0.044818 0.039583
0 0.390756 0.427083 0.075630 0.039583
1 0.179272 0.337500 0.078431 0.037500
0 0.173669 0.485417 0.095238 0.054167
0 0.265406 0.547917 0.110644 0.075000
0 0.199580 0.443750 0.085434 0.060417
