0 0.125521 0.934028 0.111458 0.129167
0 0.081250 0.827083 0.112500 0.143056
0 0.323437 0.695139 0.107292 0.126389
0 0.567708 0.708333 0.081250 0.113889
0 0.391667 0.472222 0.072917 0.094444
0 0.710938 0.705556 0.073958 0.102778
0 0.767188 0.843750 0.092708 0.140278
0 0.668750 0.534722 0.079167 0.108333
0 0.789583 0.664583 0.079167 0.126389
0 0.462500 0.507639 0.075000 0.112500
0 0.140104 0.561806 0.080208 0.134722
0 0.480208 0.729167 0.089583 0.133333
0 0.245312 0.454167 0.080208 0.091667
0 0.530729 0.370139 0.082292 0.101389
0 0.289062 0.915278 0.105208 0.136111
0 0.719271 0.611806 0.082292 0.104167
0 0.640104 0.626389 0.082292 0.105556
0 0.777604 0.414583 0.071875 0.093056
0 0.236979 0.707639 0.082292 0.106944
0 0.301042 0.415278 0.060417 0.094444
0 0.827604 0.490278 0.069792 0.102778
0 0.336458 0.610417 0.083333 0.093056
1 0.506771 0.912500 0.115625 0.144444
1 0.391667 0.897222 0.085417 0.122222
1 0.681250 0.931944 0.081250 0.133333
1 0.863021 0.946528 0.103125 0.104167
1 0.597396 0.904167 0.080208 0.141667
1 0.521875 0.793750 0.079167 0.109722
0 0.631771 0.735417 0.071875 0.093056
0 0.831250 0.795139 0.075000 0.093056
0 0.643750 0.831944 0.093750 0.102778
0 0.584896 0.561806 0.067708 0.109722
0 0.564063 0.500000 0.088542 0.086111
0 0.739062 0.474306 0.067708 0.087500
0 0.606771 0.441667 0.065625 0.100000
0 0.466667 0.425000 0.058333 0.083333
1 0.180729 0.649306 0.092708 0.118056
1 0.363542 0.788889 0.093750 0.116667
0 0.215625 0.586806 0.075000 0.090278
0 0.266667 0.528472 0.081250 0.106944
0 0.320312 0.570833 0.080208 0.091667
0 0.200000 0.515278 0.056250 0.069444
0 0.427604 0.634028 0.086458 0.123611
0 0.194271 0.832639 0.092708 0.151389
0 0.268229 0.794444 0.090625 0.133333
0 0.195833 0.394444 0.054167 0.072222
1 0.248438 0.384722 0.051042 0.055556
1 0.365104 0.406944 0.069792 0.086111
1 0.465104 0.361806 0.055208 0.090278
1 0.526563 0.614583 0.053125 0.076389
1 0.177083 0.748611 0.058333 0.091667
0 0.393750 0.736806 0.058333 0.087500
0 0.448958 0.829167 0.091667 0.108333
0 0.393229 0.563889 0.069792 0.072222
0 0.680729 0.429167 0.059375 0.072222
0 0.630729 0.381250 0.055208 0.073611
0 0.764583 0.370139 0.066667 0.068056
0 0.672917 0.374306 0.054167 0.048611
0 0.408854 0.372917 0.055208 0.081944
0 0.953646 0.759722 0.080208 0.113889
1 0.907292 0.623611 0.066667 0.086111
1 0.922396 0.539583 0.092708 0.076389
0 0.842708 0.714583 0.085417 0.118056
1 0.835938 0.615278 0.071875 0.080556
1 0.744792 0.554861 0.072917 0.079167
1 0.877604 0.459028 0.061458 0.070833
1 0.953646 0.908333 0.088542 0.083333
1 0.859896 0.872222 0.082292 0.105556
