0 0.666976 0.759375 0.358071 0.197917
0 0.243970 0.864062 0.291280 0.169792
0 0.346939 0.702083 0.274583 0.166667
0 0.283859 0.565625 0.285714 0.141667
0 0.705937 0.617708 0.261596 0.154167
0 0.879406 0.515625 0.241187 0.179167
0 0.911874 0.673958 0.176252 0.162500
0 0.433210 0.490625 0.235622 0.133333
0 0.217069 0.301042 0.215213 0.122917
0 0.390538 0.152083 0.228200 0.133333
0 0.756030 0.286979 0.213358 0.115625
0 0.581633 0.375000 0.261596 0.158333
0 0.782004 0.422396 0.346939 0.146875
0 0.265306 0.417708 0.252319 0.133333
0 0.512059 0.242708 0.263451 0.143750
0 0.666976 0.160938 0.194805 0.101042
0 0.846939 0.175000 0.194805 0.104167
0 0.238404 0.218750 0.205937 0.106250
0 0.051948 0.291667 0.100186 0.139583
0 0.078850 0.443750 0.153989 0.147917
0 0.242115 0.113542 0.217069 0.118750
0 0.507421 0.081771 0.250464 0.115625
0 0.734694 0.104688 0.181818 0.082292
0 0.766234 0.032813 0.181818 0.063542
0 0.147495 0.085938 0.153989 0.098958
0 0.949907 0.063542 0.100186 0.110417
0 0.480519 0.620313 0.215213 0.136458
0 0.928571 0.792188 0.128015 0.098958
0 0.919295 0.294271 0.161410 0.098958
