0 0.593056 0.829167 0.158333 0.145833
0 0.738889 0.745833 0.177778 0.112500
0 0.773611 0.873958 0.172222 0.147917
0 0.633333 0.660417 0.144444 0.120833
0 0.863889 0.616146 0.155556 0.107292
0 0.397222 0.676042 0.122222 0.091667
0 0.527778 0.684896 0.130556 0.105208
0 0.947917 0.819792 0.104167 0.114583
0 0.477083 0.525521 0.134722 0.084375
0 0.606250 0.565625 0.120833 0.095833
0 0.694444 0.506250 0.127778 0.085417
0 0.334722 0.724479 0.108333 0.098958
0 0.309722 0.611458 0.102778 0.083333
0 0.456250 0.797396 0.126389 0.119792
0 0.675694 0.953646 0.170833 0.090625
0 0.887500 0.775000 0.130556 0.095833
0 0.510417 0.605729 0.109722 0.076042
0 0.349306 0.526563 0.112500 0.086458
0 0.719444 0.586458 0.116667 0.085417
0 0.349306 0.439583 0.106944 0.091667
0 0.498611 0.401042 0.116667 0.087500
0 0.604167 0.482292 0.111111 0.081250
0 0.574306 0.372917 0.098611 0.075000
0 0.752778 0.470833 0.088889 0.068750
0 0.259722 0.567187 0.097222 0.065625
0 0.775694 0.539062 0.076389 0.082292
0 0.271528 0.507812 0.073611 0.061458
0 0.232639 0.478646 0.095833 0.053125
0 0.279861 0.441667 0.068056 0.066667
0 0.788889 0.376563 0.050000 0.038542
0 0.815278 0.341667 0.052778 0.043750
0 0.365278 0.378646 0.088889 0.061458
0 0.431944 0.258333 0.075000 0.060417
0 0.498611 0.288542 0.069444 0.056250
0 0.529167 0.240104 0.061111 0.055208
0 0.631944 0.237500 0.058333 0.045833
0 0.405556 0.597396 0.102778 0.073958
0 0.831944 0.373958 0.050000 0.037500
0 0.226389 0.423438 0.072222 0.061458
0 0.290278 0.386979 0.069444 0.051042
0 0.684722 0.448958 0.075000 0.045833
0 0.631944 0.404167 0.063889 0.068750
0 0.442361 0.318229 0.095833 0.057292
0 0.207639 0.375000 0.093056 0.050000
0 0.173611 0.334896 0.083333 0.044792
0 0.286111 0.335938 0.069444 0.061458
0 0.243056 0.296875 0.086111 0.039583
0 0.340972 0.294792 0.073611 0.056250
0 0.525694 0.197396 0.065278 0.038542
0 0.642361 0.194792 0.045833 0.039583
0 0.334722 0.247917 0.058333 0.037500
0 0.389583 0.201042 0.054167 0.039583
0 0.725000 0.259896 0.055556 0.044792
0 0.645833 0.316146 0.052778 0.048958
0 0.700694 0.323437 0.054167 0.051042
0 0.668750 0.293750 0.056944 0.043750
0 0.686806 0.407292 0.054167 0.041667
0 0.583333 0.210938 0.063889 0.044792
0 0.745833 0.418750 0.058333 0.043750
0 0.716667 0.392188 0.055556 0.034375
0 0.448611 0.228125 0.052778 0.033333
0 0.306250 0.240104 0.065278 0.042708
0 0.755556 0.317188 0.052778 0.036458
0 0.841667 0.317188 0.047222 0.030208
0 0.218056 0.538542 0.055556 0.056250
0 0.185417 0.446354 0.068056 0.048958
0 0.925694 0.718750 0.095833 0.064583
0 0.732639 0.660417 0.098611 0.085417
0 0.672917 0.249479 0.048611 0.042708
0 0.366667 0.317708 0.063889 0.043750
