0 0.356250 0.827604 0.112500 0.103125
0 0.267361 0.701042 0.084722 0.070833
0 0.384722 0.699479 0.091667 0.063542
0 0.640972 0.698958 0.101389 0.079167
0 0.500000 0.640625 0.100000 0.072917
0 0.554861 0.679688 0.087500 0.078125
0 0.247917 0.647396 0.093056 0.071875
0 0.216667 0.541146 0.133333 0.088542
0 0.168750 0.452604 0.087500 0.065625
0 0.875000 0.654167 0.091667 0.075000
0 0.950694 0.614583 0.098611 0.070833
0 0.846528 0.593229 0.090278 0.063542
0 0.604861 0.637500 0.095833 0.072917
0 0.389583 0.632812 0.098611 0.078125
0 0.246528 0.435937 0.084722 0.061458
0 0.470139 0.451042 0.073611 0.054167
0 0.550000 0.353646 0.063889 0.051042
0 0.523611 0.498958 0.094444 0.068750
0 0.375000 0.570312 0.080556 0.063542
0 0.315278 0.590625 0.069444 0.062500
0 0.171528 0.605208 0.073611 0.062500
0 0.362500 0.477083 0.083333 0.058333
0 0.331944 0.526563 0.091667 0.055208
0 0.408333 0.520312 0.069444 0.051042
0 0.447222 0.547917 0.086111 0.056250
0 0.445139 0.597396 0.090278 0.063542
0 0.562500 0.604167 0.086111 0.058333
0 0.686806 0.635938 0.076389 0.059375
0 0.768750 0.658854 0.090278 0.067708
0 0.707639 0.579688 0.084722 0.063542
0 0.670833 0.532292 0.075000 0.062500
0 0.635417 0.430729 0.070833 0.057292
0 0.427778 0.473958 0.061111 0.056250
0 0.424306 0.426563 0.062500 0.053125
0 0.641667 0.593229 0.063889 0.053125
0 0.571528 0.563021 0.062500 0.044792
0 0.591667 0.470313 0.069444 0.053125
0 0.700694 0.460938 0.062500 0.046875
0 0.220139 0.475000 0.070833 0.043750
0 0.635417 0.497396 0.059722 0.042708
0 0.781250 0.560937 0.073611 0.059375
0 0.763194 0.456771 0.062500 0.048958
0 0.554167 0.405729 0.072222 0.053125
0 0.291667 0.467187 0.063889 0.048958
0 0.850694 0.551562 0.079167 0.044792
0 0.830556 0.514062 0.080556 0.046875
0 0.745833 0.509375 0.047222 0.043750
0 0.781944 0.498437 0.047222 0.044792
0 0.845833 0.485417 0.061111 0.041667
0 0.697917 0.423958 0.054167 0.037500
0 0.623611 0.549479 0.050000 0.044792
0 0.904861 0.434375 0.065278 0.041667
0 0.534028 0.447396 0.062500 0.046875
0 0.861806 0.422917 0.048611 0.035417
0 0.948611 0.409896 0.041667 0.036458
0 0.906944 0.402083 0.050000 0.031250
0 0.277778 0.417708 0.066667 0.047917
0 0.156250 0.405208 0.062500 0.039583
0 0.222222 0.400521 0.066667 0.036458
0 0.104167 0.559375 0.063889 0.085417
