0 0.092361 0.750000 0.145833 0.102083
0 0.544444 0.769792 0.158333 0.137500
0 0.593750 0.933854 0.165278 0.132292
0 0.761111 0.948438 0.175000 0.103125
0 0.784722 0.798438 0.175000 0.136458
0 0.919444 0.772396 0.161111 0.128125
0 0.118750 0.654687 0.145833 0.098958
0 0.072917 0.578125 0.143056 0.085417
0 0.118056 0.436458 0.144444 0.104167
0 0.563889 0.675521 0.141667 0.101042
0 0.795139 0.673438 0.156944 0.123958
0 0.929861 0.664583 0.140278 0.118750
0 0.275000 0.500521 0.119444 0.096875
0 0.415972 0.455729 0.137500 0.098958
0 0.247222 0.623958 0.130556 0.095833
0 0.463194 0.645833 0.112500 0.089583
0 0.688194 0.667708 0.118056 0.108333
0 0.595833 0.598437 0.105556 0.080208
0 0.498611 0.572917 0.113889 0.079167
0 0.748611 0.572917 0.158333 0.106250
0 0.352083 0.529687 0.115278 0.090625
0 0.305556 0.408333 0.130556 0.095833
0 0.525694 0.404167 0.129167 0.102083
0 0.654167 0.392708 0.133333 0.095833
0 0.509722 0.493229 0.108333 0.086458
0 0.627778 0.523438 0.108333 0.090625
0 0.826389 0.491667 0.152778 0.102083
0 0.885417 0.579688 0.126389 0.096875
0 0.924306 0.500000 0.090278 0.104167
0 0.930556 0.410938 0.080556 0.088542
0 0.218750 0.387500 0.123611 0.093750
0 0.221528 0.534896 0.115278 0.088542
0 0.112500 0.515625 0.080556 0.070833
0 0.419444 0.347917 0.133333 0.097917
0 0.247222 0.310417 0.119444 0.081250
0 0.120139 0.364583 0.087500 0.064583
0 0.709028 0.363021 0.123611 0.082292
0 0.531944 0.323958 0.100000 0.066667
0 0.637500 0.328646 0.111111 0.059375
0 0.133333 0.309375 0.116667 0.083333
0 0.709028 0.446875 0.106944 0.079167
0 0.396528 0.561979 0.087500 0.063542
0 0.329167 0.349479 0.091667 0.065625
0 0.864583 0.440625 0.095833 0.037500
0 0.598611 0.446354 0.108333 0.082292
0 0.304167 0.579167 0.086111 0.062500
0 0.038194 0.452083 0.073611 0.097917
0 0.039583 0.326042 0.076389 0.102083
0 0.425000 0.286458 0.127778 0.064583
