0 0.658333 0.336979 0.108333 0.082292
0 0.426389 0.670312 0.100000 0.076042
0 0.554861 0.684896 0.093056 0.071875
0 0.665278 0.678125 0.105556 0.077083
0 0.262500 0.641146 0.100000 0.078125
0 0.687500 0.610417 0.111111 0.072917
0 0.792361 0.606771 0.104167 0.080208
0 0.125000 0.608854 0.102778 0.069792
0 0.363889 0.538542 0.102778 0.068750
0 0.584722 0.617188 0.097222 0.071875
0 0.478472 0.578125 0.093056 0.064583
0 0.190278 0.547396 0.097222 0.069792
0 0.530556 0.522917 0.100000 0.070833
0 0.095139 0.551042 0.104167 0.081250
0 0.266667 0.582812 0.091667 0.063542
0 0.308333 0.531771 0.075000 0.067708
0 0.400694 0.483333 0.087500 0.056250
0 0.392361 0.582292 0.084722 0.066667
0 0.660417 0.540625 0.120833 0.068750
0 0.731250 0.436979 0.118056 0.082292
0 0.572917 0.471875 0.104167 0.077083
0 0.659028 0.440625 0.081944 0.068750
0 0.540278 0.413021 0.080556 0.059375
0 0.845833 0.505729 0.105556 0.080208
0 0.778472 0.529167 0.104167 0.075000
0 0.684722 0.497396 0.094444 0.059375
0 0.260417 0.503646 0.070833 0.059375
0 0.192361 0.505208 0.079167 0.041667
0 0.295833 0.452083 0.086111 0.058333
0 0.461111 0.459896 0.072222 0.065625
0 0.449306 0.529167 0.073611 0.056250
0 0.718056 0.379688 0.102778 0.051042
0 0.141667 0.441667 0.075000 0.054167
0 0.186806 0.463542 0.056944 0.047917
0 0.238889 0.464583 0.047222 0.047917
0 0.873611 0.438021 0.083333 0.080208
0 0.818056 0.407292 0.108333 0.085417
0 0.858333 0.349479 0.091667 0.073958
0 0.754167 0.332813 0.083333 0.065625
0 0.415278 0.415104 0.069444 0.053125
0 0.344444 0.421875 0.066667 0.054167
0 0.022222 0.510417 0.041667 0.058333
0 0.069444 0.464583 0.075000 0.050000
0 0.247222 0.428125 0.069444 0.033333
0 0.304167 0.381250 0.069444 0.047917
0 0.471528 0.393229 0.068056 0.051042
0 0.428472 0.372917 0.065278 0.043750
0 0.359722 0.359375 0.055556 0.052083
0 0.418056 0.339583 0.069444 0.056250
0 0.503472 0.343750 0.065278 0.050000
0 0.552778 0.367708 0.069444 0.050000
0 0.530556 0.300521 0.069444 0.063542
0 0.582639 0.276042 0.081944 0.047917
0 0.307639 0.337500 0.068056 0.047917
0 0.331250 0.286979 0.065278 0.048958
0 0.361111 0.251042 0.055556 0.050000
0 0.417361 0.246875 0.073611 0.047917
0 0.443750 0.272396 0.068056 0.053125
0 0.486111 0.264583 0.061111 0.058333
0 0.588194 0.334375 0.059722 0.050000
0 0.231944 0.404167 0.061111 0.039583
0 0.238194 0.361979 0.068056 0.046875
0 0.500000 0.647396 0.083333 0.059375
0 0.268750 0.317708 0.054167 0.033333
0 0.845833 0.582292 0.069444 0.058333
0 0.181250 0.646875 0.081944 0.070833
0 0.051389 0.602083 0.055556 0.056250
0 0.095833 0.640625 0.088889 0.056250
0 0.111806 0.505729 0.076389 0.028125
0 0.625000 0.409375 0.086111 0.058333
