0 0.040972 0.717187 0.079167 0.063542
0 0.074306 0.684375 0.084722 0.056250
0 0.122917 0.709375 0.076389 0.064583
0 0.194444 0.691146 0.083333 0.059375
0 0.036111 0.648958 0.069444 0.060417
0 0.105556 0.628646 0.080556 0.061458
0 0.329861 0.679167 0.079167 0.058333
0 0.429167 0.674479 0.077778 0.055208
0 0.509722 0.652083 0.077778 0.060417
0 0.631250 0.659375 0.095833 0.089583
0 0.799306 0.715625 0.084722 0.070833
0 0.920833 0.736979 0.097222 0.067708
0 0.922222 0.669792 0.111111 0.077083
0 0.352083 0.602083 0.070833 0.052083
0 0.885417 0.867188 0.112500 0.107292
0 0.173611 0.643750 0.077778 0.056250
0 0.270833 0.587500 0.080556 0.056250
0 0.579167 0.616667 0.097222 0.064583
0 0.790278 0.643229 0.097222 0.071875
0 0.206250 0.578125 0.068056 0.056250
0 0.457639 0.556771 0.084722 0.048958
0 0.916667 0.601042 0.097222 0.068750
0 0.431250 0.619271 0.073611 0.055208
0 0.490972 0.604167 0.081944 0.054167
0 0.575000 0.511458 0.072222 0.058333
0 0.692361 0.551042 0.095833 0.064583
0 0.478472 0.472396 0.084722 0.061458
0 0.657639 0.485938 0.087500 0.061458
0 0.843750 0.611458 0.079167 0.066667
0 0.793750 0.557813 0.084722 0.061458
0 0.881944 0.548438 0.100000 0.063542
0 0.958333 0.550000 0.066667 0.050000
0 0.922917 0.501042 0.095833 0.064583
0 0.824306 0.498958 0.087500 0.062500
0 0.726389 0.453125 0.086111 0.062500
0 0.808333 0.443229 0.083333 0.059375
0 0.529167 0.535417 0.077778 0.054167
0 0.379167 0.554688 0.072222 0.053125
0 0.125694 0.585417 0.068056 0.047917
0 0.138889 0.540104 0.080556 0.051042
0 0.227778 0.493229 0.063889 0.046875
0 0.025000 0.571354 0.047222 0.051042
0 0.084028 0.560417 0.059722 0.050000
0 0.120139 0.480729 0.062500 0.042708
0 0.171528 0.453646 0.056944 0.042708
0 0.165972 0.507812 0.056944 0.042708
0 0.034722 0.471875 0.066667 0.043750
0 0.113889 0.440625 0.055556 0.039583
0 0.104861 0.397396 0.059722 0.036458
0 0.121528 0.364583 0.056944 0.041667
0 0.218750 0.431250 0.065278 0.047917
0 0.224306 0.380208 0.056944 0.041667
0 0.363194 0.515625 0.084722 0.052083
0 0.253472 0.543750 0.070833 0.054167
0 0.320139 0.480208 0.062500 0.050000
0 0.270139 0.427604 0.056944 0.042708
0 0.400000 0.403646 0.080556 0.065625
0 0.485417 0.408854 0.076389 0.057292
0 0.554861 0.410417 0.068056 0.054167
0 0.653472 0.416667 0.084722 0.064583
0 0.589583 0.458854 0.079167 0.063542
0 0.420833 0.485417 0.069444 0.060417
0 0.614583 0.532813 0.073611 0.055208
0 0.315278 0.442708 0.052778 0.041667
0 0.335417 0.411979 0.059722 0.038542
0 0.283333 0.390625 0.055556 0.043750
0 0.184722 0.359896 0.061111 0.040625
0 0.375000 0.467708 0.066667 0.045833
0 0.310417 0.365625 0.065278 0.035417
0 0.062500 0.536979 0.069444 0.046875
0 0.156250 0.422917 0.054167 0.037500
0 0.598611 0.393229 0.072222 0.053125
0 0.652083 0.376563 0.073611 0.040625
0 0.780556 0.403646 0.075000 0.036458
0 0.211806 0.622917 0.065278 0.039583
0 0.456250 0.523438 0.073611 0.046875
0 0.743056 0.606771 0.086111 0.067708
0 0.277778 0.628646 0.069444 0.040625
0 0.054861 0.600000 0.073611 0.041667
