0 0.106280 0.823333 0.151369 0.280000
0 0.244364 0.823333 0.136071 0.283333
0 0.488728 0.435000 0.177134 0.350000
0 0.101047 0.351667 0.148953 0.286667
0 0.201288 0.542500 0.136876 0.311667
0 0.323671 0.524167 0.127214 0.285000
0 0.469807 0.890000 0.142512 0.213333
0 0.064412 0.655000 0.127214 0.263333
0 0.551127 0.670833 0.161836 0.368333
0 0.661836 0.388333 0.183575 0.380000
0 0.399758 0.865833 0.118357 0.265000
0 0.612721 0.863333 0.165862 0.273333
0 0.511272 0.158333 0.167472 0.313333
0 0.144928 0.137500 0.123994 0.261667
0 0.245572 0.105833 0.128824 0.185000
0 0.246779 0.046667 0.115137 0.090000
0 0.326892 0.213333 0.112721 0.270000
0 0.913043 0.765000 0.151369 0.310000
0 0.811594 0.297500 0.175523 0.348333
0 0.665056 0.113333 0.169082 0.223333
0 0.735105 0.903333 0.106280 0.193333
0 0.711755 0.611667 0.159420 0.300000
0 0.907810 0.464167 0.121578 0.295000
0 0.398953 0.177500 0.082931 0.275000
0 0.887681 0.225000 0.108696 0.300000
0 0.349034 0.769167 0.086151 0.228333
0 0.802335 0.070000 0.113527 0.136667
