0 0.168750 0.559375 0.290278 0.237500
0 0.356250 0.369792 0.337500 0.206250
0 0.380556 0.858333 0.283333 0.250000
0 0.091667 0.730729 0.180556 0.203125
0 0.600694 0.787500 0.326389 0.191667
0 0.641667 0.469271 0.283333 0.215625
0 0.864583 0.395833 0.270833 0.195833
0 0.907639 0.569792 0.179167 0.164583
0 0.739583 0.250521 0.268056 0.211458
0 0.147222 0.196875 0.194444 0.147917
0 0.365972 0.124479 0.181944 0.142708
0 0.604167 0.125000 0.208333 0.145833
0 0.878472 0.834896 0.243056 0.205208
0 0.480556 0.657292 0.238889 0.202083
0 0.187500 0.944792 0.300000 0.110417
0 0.325000 0.227083 0.150000 0.089583
0 0.428472 0.481771 0.234722 0.169792
0 0.862500 0.683854 0.147222 0.113542
0 0.710417 0.580208 0.243056 0.177083
0 0.795139 0.133854 0.195833 0.128125
0 0.622917 0.030208 0.179167 0.058333
0 0.468056 0.040625 0.155556 0.079167
0 0.479167 0.213021 0.180556 0.144792
0 0.100000 0.398958 0.197222 0.133333
