0 0.295139 0.457813 0.281944 0.234375
0 0.558333 0.411979 0.294444 0.215625
0 0.780556 0.522917 0.186111 0.116667
0 0.637500 0.601562 0.202778 0.142708
0 0.766667 0.664062 0.191667 0.151042
0 0.463889 0.813021 0.161111 0.146875
0 0.574306 0.817187 0.104167 0.119792
0 0.409722 0.681771 0.155556 0.157292
0 0.606944 0.730729 0.133333 0.107292
0 0.765278 0.422917 0.163889 0.125000
0 0.549306 0.273438 0.254167 0.136458
0 0.711806 0.305208 0.131944 0.129167
0 0.219444 0.361979 0.125000 0.109375
0 0.649306 0.209375 0.134722 0.089583
0 0.481944 0.195833 0.172222 0.114583
0 0.539583 0.650521 0.145833 0.113542
0 0.245139 0.260937 0.123611 0.084375
0 0.343750 0.252604 0.098611 0.084375
0 0.300000 0.210938 0.083333 0.044792
0 0.368750 0.193750 0.079167 0.056250
0 0.229861 0.207813 0.073611 0.038542
0 0.288889 0.183854 0.080556 0.042708
0 0.324306 0.172396 0.054167 0.032292
