0 0.188440 0.577331 0.146617 0.253531
0 0.467223 0.538136 0.127585 0.209746
0 0.364309 0.487465 0.123825 0.191737
0 0.381814 0.604167 0.113252 0.103814
0 0.396382 0.671610 0.105263 0.093220
0 0.471570 0.338806 0.124530 0.212924
0 0.566142 0.418432 0.147321 0.186441
0 0.513863 0.588806 0.106673 0.186088
0 0.486137 0.727048 0.088346 0.108051
0 0.590695 0.504061 0.095395 0.121822
0 0.655898 0.402895 0.066024 0.105932
0 0.699366 0.332274 0.068844 0.127119
0 0.418468 0.264831 0.096805 0.163842
0 0.728148 0.265890 0.085526 0.118644
